0 0.22465625 0.6824375 0.09121875 0.17341666666666666
1 0.26013281250000003 0.8952708333333332 0.5202656250000001 0.20945833333333336
1 0.9689609375 0.5776770833333332 0.061203125000000004 0.10985416666666666
2 0.76015625 0.6818541666666668 0.20775000000000002 0.3665
2 0.6960625 0.8213541666666667 0.42809375000000005 0.3348333333333333
2 0.34971874999999997 0.6539375 0.2106875 0.4
2 0.0753515625 0.6396041666666666 0.147828125 0.273625
2 0.197015625 0.5859791666666666 0.12050000000000001 0.320375
2 0.2331484375 0.4731145833333334 0.080828125 0.20735416666666667
2 0.3825390625 0.5211354166666666 0.113171875 0.2798541666666667
2 0.7436796875 0.4940729166666666 0.074046875 0.12389583333333333
2 0.6892578125 0.4684583333333333 0.10992187499999999 0.16341666666666665
2 0.906765625 0.6756770833333333 0.18515625 0.5362291666666666
0 0.7004296875 0.5601875 0.028890624999999996 0.04741666666666667
1 0.1348984375 0.5982604166666667 0.269796875 0.20160416666666667
2 0.5083671875 0.587375 0.169203125 0.6472916666666666
2 0.813484375 0.4541145833333333 0.08640624999999999 0.12322916666666667
0 0.8563671875000001 0.8415625 0.044453124999999996 0.11041666666666666
0 0.945125 0.5133020833333333 0.05115625 0.0376875
2 0.07889062499999999 0.46268750000000003 0.1290625 0.15633333333333335
2 0.078125 0.9208333333333333 0.15625 0.15416666666666667