0 0.1424375 0.8277166276346605 0.272875 0.32133489461358317
0 0.4171796875 0.8771779859484777 0.276140625 0.22372365339578454
0 0.7839062499999999 0.8278805620608899 0.30874999999999997 0.3160421545667447
0 0.90821875 0.6232435597189696 0.0731875 0.15121779859484777
0 0.9676874999999999 0.6059484777517564 0.064625 0.2264168618266979
0 0.050296875 0.6240866510538642 0.06665625 0.15950819672131147
1 0.46403125 0.6797658079625293 0.52325 0.39325526932084304
2 0.4563359375 0.7093676814988291 0.25001562499999996 0.5575644028103045
2 0.7397421875 0.6973185011709602 0.258796875 0.5784777517564402
2 0.8294296875 0.5518149882903981 0.101640625 0.2934192037470726
2 0.1814765625 0.6484192037470726 0.221390625 0.5237236533957845
2 0.2867890625 0.4422950819672131 0.138515625 0.24318501170960188
2 0.9890546875 0.4715690866510539 0.020859375 0.13241217798594848
2 0.5865156249999999 0.42457845433255265 0.077625 0.15576112412177986
2 0.6825625 0.4413934426229508 0.081375 0.17552693208430914
0 0.9684296875000001 0.5280796252927401 0.031140624999999998 0.15063231850117095
0 0.6292109375 0.48813817330210774 0.014296875 0.06873536299765809
2 0.41624999999999995 0.40729508196721315 0.13803125 0.19107728337236535