0 0.755390625 0.5917604166666667 0.22974999999999998 0.3250625
0 0.564609375 0.5988854166666666 0.0573125 0.18202083333333335
0 0.624984375 0.45428125 0.10915625 0.08547916666666668
0 0.6628671875000001 0.4428020833333333 0.10110937499999999 0.10039583333333332
1 0.6140234375 0.8265729166666667 0.771953125 0.3468541666666667
2 0.336234375 0.5108645833333333 0.49381250000000004 0.9505625
2 0.6167109375000001 0.3442395833333333 0.171171875 0.1611875
2 0.9324296875 0.3941458333333333 0.135140625 0.7815416666666667
2 0.6497734375 0.29389583333333336 0.047859374999999996 0.06058333333333333
2 0.47875781249999994 0.34795833333333337 0.047140625000000005 0.13275
1 0.6381249999999999 0.5878333333333334 0.22718750000000001 0.248625
0 0.862078125 0.4856458333333334 0.1015625 0.22141666666666668
0 0.126953125 0.8203229166666667 0.09765625 0.3255208333333333
1 0.51384375 0.43655208333333334 0.03325 0.058395833333333334
2 0.4567421875 0.29618750000000005 0.039796874999999995 0.132625