0 0.9113984374999999 0.9135833333333333 0.117234375 0.14345833333333333
0 0.8258125 0.8516145833333333 0.2419375 0.2924791666666666
0 0.4422265625 0.6250937499999999 0.070765625 0.10893749999999999
0 0.2534375 0.6836145833333334 0.036625000000000005 0.11597916666666667
0 0.07914062499999999 0.81440625 0.15828124999999998 0.13277083333333334
1 0.381203125 0.79609375 0.758875 0.3829791666666667
2 0.199359375 0.64953125 0.18478125 0.2858541666666667
2 0.34550000000000003 0.5891979166666667 0.17528125 0.31685416666666666
2 0.7978203125000001 0.7106041666666666 0.397640625 0.5662083333333333
0 0.1797109375 0.7146562499999999 0.152640625 0.1300625
0 0.7775859375 0.6917395833333334 0.049859375 0.10077083333333332