0 0.1180859375 0.8740167364016735 0.21392187499999998 0.2519665271966527
0 0.3203203125 0.821265690376569 0.119109375 0.1982635983263598
0 0.467953125 0.7080020920502093 0.07690625 0.13198744769874476
0 0.3851484375 0.7119665271966527 0.050546875000000005 0.08518828451882846
0 0.3129453125 0.6576987447698746 0.09126562499999999 0.042510460251046024
0 0.18928125 0.6248326359832637 0.07978125 0.03271966527196653
1 0.1818828125 0.6735251046025105 0.363765625 0.0847071129707113
1 0.729296875 0.8930962343096235 0.2530625 0.1905857740585774
0 0.32684374999999993 0.6541422594142259 0.07934375 0.055564853556485355
0 0.200890625 0.6010774058577406 0.032375 0.0342887029288703
1 0.75515625 0.712876569037657 0.1253125 0.10905857740585774
0 0.25121875 0.6247280334728034 0.02228125 0.048033472803347285
2 0.5161015625 0.7966317991631798 0.280296875 0.40673640167364017
2 0.1513671875 0.519152719665272 0.079796875 0.20127615062761506
2 0.5908437500000001 0.5301046025104602 0.038593749999999996 0.09916317991631798
2 0.769828125 0.5707426778242678 0.08546875000000001 0.21031380753138076
2 0.2603984375 0.5739958158995816 0.08204687499999999 0.1300418410041841
2 0.1937109375 0.517887029288703 0.049015625 0.16133891213389123
2 0.515609375 0.5414225941422595 0.02321875 0.11154811715481172
2 0.6965234375 0.6707845188284519 0.117484375 0.21797071129707113
2 0.8804765625 0.5798744769874478 0.090890625 0.21376569037656906
2 0.6486875 0.5174267782426778 0.068625 0.16485355648535563
0 0.75946875 0.7776987447698746 0.026937499999999996 0.07213389121338912
1 0.38189062499999993 0.6110251046025105 0.25212500000000004 0.16824267782426777
2 0.8247421874999998 0.7098640167364018 0.118890625 0.2129916317991632
2 0.7401562500000001 0.5078033472803347 0.021406249999999998 0.0502092050209205
0 0.28396875 0.9479184100418411 0.09725 0.08073221757322177
0 0.378125 0.8776150627615062 0.1 0.24476987447698745
2 0.5389453124999999 0.5471861924686192 0.067640625 0.13784518828451883
2 0.4171875 0.5502092050209205 0.834375 0.2719665271966527