0 0.785390625 0.4157291666666667 0.3 0.23820833333333333
0 0.9085078124999999 0.24772916666666667 0.181765625 0.21470833333333333
0 0.58740625 0.28672916666666665 0.146625 0.33925
0 0.2861328125 0.29764583333333333 0.030265625 0.13370833333333335
0 0.39319531249999995 0.23193749999999996 0.164328125 0.3077083333333333
2 0.19899218749999997 0.18590625 0.34557812499999996 0.3718125
2 0.20824218750000006 0.03801041666666667 0.10785937500000001 0.07602083333333334
0 0.4902421875 0.3396354166666667 0.209671875 0.21047916666666666
1 0.87759375 0.15973958333333332 0.2084375 0.07531249999999999
1 0.4977265625 0.6623333333333333 0.987671875 0.6545416666666667
1 0.6311015624999999 0.13225 0.163703125 0.07754166666666666
0 0.6909375000000002 0.16155208333333335 0.01809375 0.024604166666666667