1 0.4405859375 0.7491354166666666 0.649109375 0.4843125
2 0.772875 0.5535729166666667 0.1893125 0.44652083333333337
2 0.10979687499999999 0.6666666666666666 0.21959374999999998 0.6441250000000001
2 0.1995390625 0.5583333333333333 0.248046875 0.441
2 0.281828125 0.4861979166666667 0.12984374999999998 0.31593750000000004
2 0.3498671875 0.45716666666666667 0.097078125 0.33495833333333336
2 0.40346093750000006 0.4159479166666667 0.10604687500000001 0.24985416666666668
2 0.47957031250000004 0.3599375 0.148578125 0.18095833333333333
2 0.4731406249999999 0.3155208333333333 0.06259375 0.16129166666666667
2 0.6865546874999999 0.28771874999999997 0.052015624999999996 0.09060416666666667
2 0.6356640625000001 0.31516666666666665 0.105765625 0.16770833333333332
0 0.8064140625 0.36639583333333337 0.039953125 0.0685
1 0.6308359375 0.5036770833333333 0.105515625 0.050979166666666666
2 0.7472109375 0.32369791666666664 0.092390625 0.07252083333333334
2 0.8640234375 0.63175 0.271953125 0.7117083333333334
1 0.0953203125 0.43050000000000005 0.046265625 0.051416666666666666
1 0.502640625 0.473 0.15271875 0.07308333333333333
1 0.6370625000000001 0.44334375000000004 0.065625 0.029145833333333333
1 0.30967968749999997 0.3726770833333334 0.022890625 0.02364583333333333
2 0.729140625 0.3050520833333333 0.061625 0.08097916666666666
2 0.4609375 0.2916666666666667 0.9 0.24166666666666667