0 0.15275 0.7247268907563026 0.21593749999999998 0.4386974789915966
0 0.859125 0.66984243697479 0.14528125 0.3386764705882353
0 0.24494531249999998 0.5756932773109243 0.138828125 0.16054621848739495
1 0.9261250000000001 0.5011764705882353 0.14775 0.08470588235294117
2 0.7440156250000001 0.4543382352941176 0.20934375 0.8433823529411765
2 0.2390546875 0.406922268907563 0.148609375 0.4428361344537815
2 0.12859375 0.3802415966386555 0.07459375 0.12296218487394958
2 0.11390625000000001 0.29617647058823526 0.08040625 0.108109243697479
2 0.0674375 0.2985189075630252 0.038 0.053088235294117644
2 0.034999999999999996 0.3929831932773109 0.027875 0.18369747899159664
2 0.37596093750000004 0.32016806722689073 0.044328125 0.040882352941176474
2 0.1684921875 0.3100105042016807 0.036578125 0.06611344537815125
2 0.365890625 0.35835084033613446 0.048875 0.07199579831932774
2 0.713640625 0.15277310924369747 0.025031249999999998 0.07621848739495798
0 0.8756718749999999 0.48862394957983196 0.10196875000000001 0.09964285714285714
0 0.839046875 0.46691176470588236 0.071875 0.07705882352941176
1 0.103625 0.45077731092436973 0.14165624999999998 0.24394957983193277
2 0.5020078125 0.5858403361344539 0.42573437500000005 0.8283193277310924
0 0.95625 0.7237394957983193 0.0875 0.31092436974789917
2 0.19927343749999998 0.26640756302521007 0.032765625 0.07928571428571429
1 0.8358046874999999 0.4357457983193277 0.035703125 0.021029411764705883
2 0.5951953125 0.28223739495798317 0.092359375 0.25149159663865545
2 0.3453125 0.3067226890756303 0.16875 0.14285714285714285