0 0.09758 0.7228133333333335 0.14676 0.26237333333333335
0 0.25112 0.6906533333333333 0.12436 0.22888
0 0.7093700000000001 0.5326266666666668 0.04378 0.0188
0 0.7263 0.6264533333333334 0.09528 0.11210666666666666
0 0.37109000000000003 0.6655600000000002 0.12982 0.21709333333333333
0 0.80469 0.5985333333333334 0.08042 0.16874666666666666
1 0.82147 0.5416399999999999 0.27354 0.06824
2 0.44982 0.6360133333333333 0.16604 0.60136
2 0.59529 0.6367733333333334 0.19841999999999999 0.6547200000000001
0 0.8632799999999999 0.5733333333333334 0.05212 0.12762666666666667
2 0.932 0.684 0.136 0.592
0 0.91401 0.57012 0.040740000000000005 0.14418666666666666
1 0.219 0.6166666666666667 0.436 0.11866666666666667
1 0.7541300000000001 0.8928266666666667 0.41886 0.21434666666666666
0 0.22756 0.7323733333333333 0.0062 0.06709333333333334
0 0.674 0.5985866666666667 0.03968 0.052533333333333335
0 0.83237 0.51964 0.03322 0.009893333333333334
0 0.9525800000000001 0.5704133333333334 0.0502 0.08557333333333335