1 0.6019296875 0.5888992974238877 0.137015625 0.1310070257611241
1 0.3908203125 0.7842037470725995 0.160640625 0.20943793911007028
1 0.48278906250000003 0.4410421545667447 0.10992187499999999 0.08929742388758782
2 0.35739062499999996 0.6326112412177985 0.03721875 0.11112412177985949
2 0.312234375 0.4713114754098361 0.04315625 0.056861826697892276
2 0.4821171875 0.7072950819672131 0.052203124999999996 0.0968384074941452
2 0.4451953125 0.6586651053864169 0.058359375000000005 0.10824355971896955
2 0.44803125 0.38569086651053863 0.0376875 0.07339578454332553
2 0.6227890625 0.2830210772833724 0.038828125000000005 0.0594847775175644
2 0.6929921875 0.40975409836065574 0.058203125 0.08971896955503514
2 0.18709375 0.3983489461358314 0.03559375 0.05173302107728337
2 0.2032734375 0.556440281030445 0.050265625 0.07030444964871194
2 0.22395312499999998 0.5133372365339578 0.05053125000000001 0.08128805620608899
2 0.36238281250000004 0.5264988290398126 0.044890625 0.08133489461358313
0 0.463046875 0.9244028103044496 0.06425 0.10281030444964871
0 0.16696093750000002 0.5576580796252928 0.030109375 0.07245901639344263
0 0.6039453124999999 0.7429508196721312 0.048515625 0.06969555035128806
0 0.38671875 0.9730679156908665 0.065625 0.053864168618266976
0 0.5040546874999999 0.827599531615925 0.033078125 0.12302107728337237
0 0.508875 0.6583723653395784 0.03875 0.10002341920374708
0 0.5504296875 0.7207377049180328 0.055859375 0.08255269320843091
2 0.760765625 0.7013934426229508 0.06371875 0.10344262295081967
0 0.2635703125 0.6824707259953161 0.069609375 0.07618266978922716
0 0.20626562499999998 0.6637470725995317 0.06221875 0.08978922716627635
0 0.6609296875 0.7187939110070258 0.053484374999999994 0.08194379391100703
0 0.467796875 0.5456440281030445 0.0455625 0.06435597189695551
0 0.466 0.691791569086651 0.019 0.032014051522248246
1 0.28357031250000003 0.5552576112412178 0.129296875 0.11932084309133491
1 0.7613671875000001 0.44713114754098365 0.125171875 0.11060889929742387
1 0.1597734375 0.4783489461358314 0.119484375 0.11655737704918033
1 0.57453125 0.3285480093676815 0.09334375 0.08229508196721312
1 0.8574531249999999 0.7592622950819672 0.135875 0.21463700234192037
2 0.5558984375 0.5103161592505855 0.040390625 0.08414519906323185
0 0.771359375 0.8284777517564402 0.07296875 0.12285714285714286
0 0.47578125 0.5 0.7328125 0.3114754098360656
2 0.50546875 0.6112412177985949 0.8609375 0.7540983606557377