0 0.5206796874999999 0.6373887587822015 0.091671875 0.32208430913348945
0 0.13332812500000002 0.5607611241217798 0.11078125000000001 0.1378688524590164
0 0.0410390625 0.5897658079625293 0.080578125 0.19756440281030443
0 0.6869687499999999 0.8439812646370023 0.29378125 0.2001405152224824
0 0.348140625 0.5716276346604215 0.07965625 0.1710304449648712
0 0.43420312499999997 0.642927400468384 0.0848125 0.31297423887587816
0 0.2984375 0.799215456674473 0.21990625000000003 0.37894613583138176
0 0.626625 0.659672131147541 0.03609375 0.19620608899297423
0 0.6978515625 0.6770140515222483 0.142109375 0.16592505854800935
1 0.8302265625 0.760128805620609 0.338109375 0.33332552693208434
2 0.8204609375 0.4628454332552693 0.114203125 0.2792740046838407
0 0.0945234375 0.7995316159250585 0.184421875 0.4009367681498829
0 0.1564609375 0.697447306791569 0.171703125 0.22098360655737706
1 0.18470312500000002 0.7368032786885246 0.35365625 0.24489461358313816
0 0.250375 0.5570725995316159 0.0894375 0.1371896955503513
0 0.3238359375 0.689824355971897 0.157734375 0.18405152224824356
0 0.5 0.7599531615925058 0.996875 0.41920374707259955