1 0.594328125 0.7518958333333333 0.5826875 0.4875
1 0.9346640624999999 0.41229166666666667 0.036015625 0.043458333333333335
1 0.9412890624999999 0.2909583333333333 0.079859375 0.08970833333333333
2 0.19146093749999998 0.6289895833333332 0.343296875 0.7420208333333334
2 0.798875 0.52471875 0.32359375 0.6718958333333334
2 0.09081249999999999 0.38138541666666664 0.18162499999999998 0.48622916666666666
2 0.281296875 0.1633333333333333 0.1278125 0.32437499999999997
2 0.53396875 0.14151041666666667 0.12584375 0.2826458333333333
0 0.960328125 0.7479583333333333 0.07934375 0.21741666666666667
0 0.1484375 0.9140729166666667 0.21875 0.1484375
0 0.291296875 0.31086458333333333 0.087125 0.052812500000000005
0 0.72396875 0.9685208333333333 0.18315625 0.033416666666666664
2 0.6469375 0.13929166666666667 0.10559375 0.27858333333333335
2 0.1161640625 0.14269791666666667 0.18326562500000002 0.26389583333333333
2 0.3900390625 0.2921458333333334 0.196703125 0.3372083333333334
2 0.5516093750000001 0.264625 0.1380625 0.351875
2 0.6143515625000001 0.3429270833333334 0.221140625 0.4268125
2 0.919546875 0.19301041666666668 0.11168750000000001 0.18010416666666668
2 0.05475 0.059104166666666666 0.06009375 0.11629166666666667
2 0.4219375 0.04464583333333334 0.08296875000000001 0.08508333333333334