2 0.392484375 0.3078238341968912 0.1650625 0.4086528497409327
2 0.7495234375000001 0.647759067357513 0.478984375 0.7044818652849741
2 0.6890703125 0.1495336787564767 0.085546875 0.11932642487046632
2 0.028226562499999996 0.17594559585492225 0.055421874999999995 0.13396373056994818
2 0.6090234375000001 0.46536269430051813 0.220484375 0.6841968911917099
2 0.4697890625 0.2552979274611399 0.109765625 0.3083160621761658
0 0.8940312499999999 0.4765673575129533 0.05721875 0.18095854922279792
0 0.8624921875 0.37163212435233156 0.034640625 0.10968911917098446
1 0.3203125 0.7137305699481865 0.6375 0.572538860103627
1 0.28175 0.3015673575129534 0.13359375 0.09914507772020727
2 0.20625 0.44196891191709836 0.30528125 0.5925906735751295
2 0.078375 0.1616839378238342 0.09040625 0.15590673575129532
0 0.05160156250000001 0.25384715025906734 0.06348437500000001 0.05862694300518134
0 0.22639843749999997 0.22984455958549221 0.040671875 0.0433160621761658
0 0.35343749999999996 0.24191709844559584 0.03440625 0.03849740932642487
2 0.7906953124999999 0.2491321243523316 0.12298437499999999 0.3149481865284974
0 0.065296875 0.35341968911917093 0.078 0.16419689119170985
0 0.2507890625 0.33537564766839373 0.076453125 0.0971761658031088
1 0.0508515625 0.2762564766839378 0.101703125 0.10396373056994819