2 0.907078125 0.45629424778761063 0.148125 0.3645353982300885
2 0.6354531250000001 0.31535398230088496 0.14840625000000002 0.22721238938053098
2 0.7682890625000001 0.26576327433628316 0.11770312499999999 0.5157743362831858
2 0.3848671875 0.4150442477876106 0.280921875 0.7325663716814159
2 0.059648437500000005 0.29954646017699116 0.116109375 0.4482079646017699
2 0.26265625 0.7280973451327434 0.43009375 0.516858407079646
2 0.16982031250000001 0.28314159292035396 0.10792187499999999 0.3775221238938053
2 0.32525 0.6306084070796459 0.29346875 0.5825
2 0.051578124999999996 0.6426991150442478 0.10315624999999999 0.3775221238938053
0 0.567765625 0.31095132743362836 0.05493749999999999 0.11345132743362832
0 0.2118984375 0.31482300884955755 0.051859375 0.04398230088495575
2 0.9655546874999998 0.6020132743362833 0.06889062500000001 0.17265486725663717
2 0.4242109375 0.4133407079646018 0.194140625 0.26265486725663717
0 0.5386953125 0.39823008849557523 0.048609374999999996 0.07517699115044248
1 0.6864296874999999 0.8369247787610619 0.512640625 0.32615044247787606