0 0.8112421875000001 0.8127751756440281 0.19442187500000002 0.3516393442622951
0 0.9074921875000002 0.6310889929742389 0.110453125 0.1789929742388759
0 0.16610156250000002 0.8813817330210773 0.157453125 0.2372365339578454
0 0.6088125 0.8899180327868853 0.1909375 0.22016393442622953
2 0.9647812499999999 0.6696604215456673 0.0704375 0.33257611241217794
2 0.36493749999999997 0.5805386416861826 0.72390625 0.8075878220140514
2 0.826859375 0.6853981264637002 0.18140625 0.3775409836065574
2 0.627859375 0.7454215456674473 0.22712500000000002 0.5018032786885246
2 0.6758671875 0.41793911007025764 0.038671875 0.14576112412177986
2 0.709921875 0.40865339578454335 0.06371875 0.14456674473067915
2 0.7652890625000002 0.4598594847775176 0.096484375 0.22782201405152225
2 0.8523359375 0.4711007025761124 0.10101562500000001 0.32819672131147537
2 0.16940624999999998 0.751112412177986 0.19553125 0.4176814988290398
2 0.97165625 0.4223653395784544 0.05221875 0.12421545667447306
2 0.22555468750000002 0.4894964871194379 0.140359375 0.24259953161592507
1 0.0305390625 0.9426229508196722 0.06023437499999999 0.11414519906323185