0 0.2598046875 0.5919270833333333 0.092484375 0.21077083333333332
1 0.6255625 0.7316145833333334 0.748875 0.4741458333333333
2 0.5233125 0.36966666666666664 0.52415625 0.7303333333333334
2 0.69021875 0.23651041666666667 0.24953124999999998 0.47302083333333333
2 0.45520312500000004 0.5159479166666666 0.16593750000000002 0.3891875
2 0.6602890625 0.4014479166666666 0.083859375 0.1316875
2 0.799875 0.47040624999999997 0.12328125000000001 0.22360416666666666
2 0.950984375 0.36040624999999993 0.07162500000000001 0.09614583333333333
2 0.5619453125 0.31990625 0.09567187499999999 0.4186875
2 0.8717421875 0.55859375 0.25651562499999997 0.34697916666666667
2 0.1820703125 0.5865625 0.249546875 0.37404166666666666
2 0.961296875 0.16865625 0.07421875 0.3078958333333333
0 0.07271875 0.5481458333333333 0.0531875 0.06775
2 0.9080468749999999 0.5962187499999999 0.18390625 0.11418750000000001