0 0.06492968750000001 0.5203512880562061 0.123890625 0.32885245901639343
0 0.338765625 0.38622950819672136 0.06603125 0.23896955503512882
0 0.6542734375 0.45069086651053863 0.099453125 0.17711943793911006
1 0.5 0.7788056206088994 1 0.40674473067915695
2 0.2228125 0.49108899297423886 0.27459375 0.3801170960187354
2 0.50865625 0.44368852459016395 0.23893749999999997 0.4346838407494146
2 0.8426015625 0.45727166276346604 0.313234375 0.5281733021077284
2 0.3228749999999999 0.2603161592505855 0.0829375 0.25388758782201404
0 0.5988359375 0.2442037470725995 0.09526562499999999 0.07627634660421546
0 0.9348124999999999 0.38877049180327866 0.09446875 0.06292740046838408
0 0.28411718750000003 0.39550351288056207 0.058484375 0.17526932084309135
1 0.1551796875 0.3 0.310359375 0.12810304449648713
1 0.70065625 0.3164051522248244 0.1900625 0.09674473067915691
2 0.23805468750000003 0.19482435597189696 0.081453125 0.11592505854800937
2 0.751390625 0.11652224824355971 0.09225 0.16859484777517564
2 0.8531015625 0.0978337236533958 0.059515625 0.11716627634660422
2 0.9338281250000001 0.21333723653395784 0.08228125 0.1381967213114754
2 0.23849218749999998 0.10634660421545666 0.049953125 0.1446838407494145
2 0.9530078124999999 0.2666627634660421 0.090609375 0.32592505854800935
2 0.4384765625 0.22864168618266978 0.071515625 0.3762529274004684
0 0.16121875 0.2262646370023419 0.0355 0.0368384074941452
0 0.31174999999999997 0.5093325526932084 0.03315625 0.061522248243559716
1 0.6030703125 0.18850117096018734 0.095578125 0.06140515222482435
2 0.092328125 0.2208313817330211 0.08709375 0.15562060889929744
2 0.66825 0.2862646370023419 0.11603125 0.2861592505854801
2 0.49921875 0.49882903981264637 0.9984375 0.9976580796252927