2 0.15957031250000003 0.41103365384615387 0.27523437500000003 0.5765865384615385
2 0.3688203125 0.407860576923077 0.176734375 0.39774038461538463
2 0.5951015625 0.4042788461538462 0.232765625 0.4707211538461538
2 0.8507421875000001 0.3133413461538461 0.136765625 0.3054326923076923
2 0.9210156250000001 0.4628846153846154 0.11625 0.4782692307692308
0 0.6903359375 0.36509615384615385 0.073421875 0.14802884615384615
0 0.4868125 0.3739423076923077 0.029843750000000002 0.12677884615384616
0 0.98046875 0.36177884615384615 0.0390625 0.10817307692307693
0 0.95 0.7451923076923077 0.1 0.2860576923076923
0 0.022179687500000003 0.6087620192307692 0.042484375000000005 0.20209134615384614
2 0.764765625 0.3924879807692307 0.094375 0.26694711538461535
0 0.3122734375 0.5557572115384615 0.067078125 0.11478365384615384
1 0.5109765625 0.7922115384615386 0.9780468750000001 0.38961538461538464