2 0.16515624999999998 0.6301986754966887 0.08103125 0.2941721854304636
2 0.21296875 0.6159602649006622 0.046156249999999996 0.1790066225165563
2 0.306046875 0.6084933774834438 0.06525 0.18102649006622518
2 0.054898437499999994 0.6075993377483444 0.107671875 0.43175496688741716
2 0.8141953124999999 0.6193377483443708 0.15623437499999998 0.3139735099337748
2 0.23911718750000005 0.6146026490066225 0.071046875 0.19999999999999998
2 0.7761953125000001 0.6179470198675496 0.085390625 0.217682119205298
2 0.906890625 0.6255132450331126 0.12103124999999999 0.3543377483443709
2 0.9511953125 0.6719039735099337 0.097609375 0.3820198675496689
2 0.6819140625 0.6260430463576159 0.037609375 0.16850993377483445
2 0.7114296875 0.6166887417218543 0.054421874999999995 0.1794701986754967
0 0.11407031249999999 0.6945198675496689 0.038171875 0.14731788079470198
0 0.8968671875 0.647864238410596 0.024234375 0.050827814569536424
1 0.5006796875 0.8220860927152318 0.996453125 0.32986754966887416
2 0.7489765625 0.6236754966887417 0.05142187499999999 0.20172185430463577
2 0.3285625 0.5695198675496689 0.010906250000000001 0.06115894039735099
2 0.4875 0.7152317880794702 0.975 0.3509933774834437