0 0.21187499999999998 0.5731967213114755 0.207375 0.18920374707259954
1 0.28946875 0.49877049180327865 0.26478125 0.07398126463700234
2 0.60734375 0.35340749414519906 0.42484374999999996 0.6973067915690867
2 0.1843828125 0.36274004683840744 0.090390625 0.19475409836065574
2 0.2908671875 0.31145199063231854 0.084359375 0.24927400468384076
2 0.49899218749999996 0.326440281030445 0.049078125 0.11939110070257611
2 0.474125 0.3196487119437939 0.04596875 0.11868852459016394
2 0.0337578125 0.3385948477751756 0.063546875 0.1843559718969555
2 0.24763281249999997 0.3176112412177986 0.045921875 0.10281030444964871
2 0.423828125 0.3143208430913349 0.05596875 0.08241217798594848
2 0.3951640625 0.30358313817330207 0.034953125 0.0771896955503513
0 0.29071875 0.44549180327868854 0.10706249999999999 0.05304449648711943
0 0.36225 0.4369672131147541 0.1125 0.08133489461358313
0 0.3866015625 0.5623770491803278 0.058140625 0.06007025761124121
0 0.256703125 0.3992271662763467 0.047843750000000004 0.059063231850117096
0 0.04796093750000001 0.5167564402810304 0.063203125 0.27149882903981265
0 0.39632812500000003 0.39649882903981265 0.029187499999999998 0.024004683840749413
0 0.35059375 0.3834777517564402 0.050562499999999996 0.034449648711943795
1 0.8801484374999999 0.9431967213114755 0.122046875 0.11360655737704918
1 0.16340625 0.3788758782201405 0.07575 0.048196721311475406
1 0.37096875 0.4100702576112412 0.0814375 0.021498829039812647
1 0.027296874999999998 0.4427166276346604 0.054593749999999996 0.04318501170960188
1 0.372984375 0.36832552693208426 0.07903125 0.04325526932084309
2 0.104421875 0.41202576112412176 0.12371875000000002 0.34161592505854804
2 0.3379921875 0.3395081967213115 0.040078125 0.12805620608899299