0 0.8725703125 0.7683916083916085 0.205234375 0.45794871794871794
0 0.19050000000000003 0.817972027972028 0.1355625 0.36405594405594405
0 0.3686171875 0.9064801864801865 0.056078125 0.18703962703962704
1 0.9472343750000001 0.8183566433566434 0.10553125000000001 0.35867132867132867
2 0.48353124999999997 0.5865151515151515 0.51215625 0.8044988344988345
2 0.32081250000000006 0.40539627039627046 0.1826875 0.713962703962704
2 0.038328125000000005 0.4858041958041958 0.07665625000000001 0.7354312354312355
2 0.9157421874999999 0.7404545454545454 0.168515625 0.4606759906759907
2 0.1803515625 0.5114335664335664 0.18035937500000002 0.5089743589743589
2 0.0760625 0.5573076923076923 0.08887500000000001 0.31461538461538463
0 0.1471171875 0.8727272727272727 0.147984375 0.22335664335664335
0 0.05496875 0.8206759906759908 0.08634375 0.23473193473193474
0 0.9830703125 0.8516083916083915 0.019546875 0.12997668997668999
1 0.087984375 0.5466433566433566 0.0901875 0.05426573426573427
1 0.1257109375 0.47466200466200464 0.050015624999999994 0.022610722610722608
1 0.10232031250000002 0.9834965034965034 0.20251562500000003 0.03300699300699301
2 0.6358046875 0.45151515151515154 0.07270312500000001 0.1938927738927739