0 0.2295078125 0.733556338028169 0.086390625 0.19551643192488263
2 0.2628125 0.570199530516432 0.045625 0.0762206572769953
2 0.48722656249999996 0.6441431924882628 0.323828125 0.6914319248826292
2 0.7319765625000001 0.48346244131455396 0.125703125 0.4961267605633803
2 0.3380234375 0.6646478873239436 0.095296875 0.5771830985915493
2 0.698609375 0.205387323943662 0.05728124999999999 0.26997652582159626
2 0.6876953125 0.10049295774647887 0.053484374999999994 0.1043661971830986
2 0.8571718749999999 0.18920187793427232 0.0575625 0.25427230046948357
2 0.8984062500000001 0.3599882629107981 0.12678125 0.4387558685446009
2 0.549703125 0.6943779342723004 0.1121875 0.5887558685446009
2 0.09348437499999998 0.6719131455399061 0.178 0.629225352112676
2 0.18689062499999998 0.5604929577464789 0.03740625 0.07375586854460095
2 0.8954296874999998 0.085 0.041171875000000004 0.11112676056338029
1 0.208578125 0.639319248826291 0.044906249999999995 0.03615023474178404