0 0.40736788617886177 0.7447699999999999 0.09607723577235773 0.1257
0 0.5651016260162602 0.9023599999999999 0.2096341463414634 0.17264
0 0.45902439024390246 0.9570899999999999 0.06467479674796749 0.08582
0 0.8554878048780488 0.8515600000000001 0.20146341463414635 0.12564
0 0.6177642276422765 0.69125 0.02308943089430894 0.040740000000000005
1 0.8373882113821138 0.94421 0.32128048780487806 0.09418000000000001
1 0.7195630081300813 0.77538 0.14323170731707316 0.060399999999999995
2 0.6070223577235772 0.7755899999999999 0.26827235772357727 0.33782
2 0.6744918699186991 0.6126800000000001 0.04890243902439024 0.1124
2 0.42311991869918697 0.6716700000000001 0.15083333333333332 0.15618
2 0.6138109756097561 0.62967 0.06176829268292683 0.18481999999999998
2 0.7321951219512194 0.6215799999999999 0.05727642276422764 0.16104
2 0.42080284552845526 0.62462 0.044573170731707315 0.07024
2 0.4257012195121951 0.5758000000000001 0.01628048780487805 0.0292
2 0.4652235772357724 0.6285299999999999 0.0633739837398374 0.05082
2 0.4220630081300813 0.62925 0.08522357723577235 0.07994
0 0.4813008130081301 0.78063 0.013536585365853658 0.060340000000000005
1 0.49665650406504064 0.6865300000000001 0.07258130081300813 0.0229
2 0.5636178861788617 0.58405 0.04861788617886179 0.07178
2 0.4478658536585366 0.58378 0.020447154471544715 0.02348
2 0.4664939024390244 0.5921000000000001 0.019451219512195122 0.04672
2 0.48316056910569105 0.60851 0.01973577235772358 0.05962