0 0.357515625 0.8807083333333333 0.039218750000000004 0.0555
0 0.39828125 0.8797291666666668 0.026718750000000003 0.056916666666666664
2 0.20108593749999998 0.8089895833333334 0.027640625000000002 0.07297916666666666
2 0.22042968750000003 0.8002604166666667 0.027109375 0.08527083333333334
0 0.29274218750000003 0.859 0.025359375 0.05629166666666666
0 0.6334296875 0.8686666666666666 0.050078124999999994 0.08370833333333333
0 0.7504140625 0.8659895833333333 0.032609375 0.0568125
1 0.5956328125 0.8754270833333334 0.047265625 0.06502083333333333
1 0.38157031249999995 0.8757604166666667 0.038859375 0.06477083333333333
1 0.2514921875 0.8503125 0.023515625000000002 0.022833333333333334
1 0.1671640625 0.8364062499999999 0.043296875 0.012270833333333333
1 0.810375 0.8462395833333333 0.035875000000000004 0.0116875
1 0.42653125000000003 0.8641041666666667 0.04659375 0.05633333333333333
0 0.7740234375 0.8688229166666667 0.019921875 0.052812500000000005
1 0.49972656249999997 0.8676145833333333 0.044515624999999996 0.06827083333333334
0 0.193484375 0.8655520833333334 0.03753125 0.05360416666666667
0 0.5428359375 0.8615312500000001 0.033171875 0.06531250000000001