1 0.13359375 0.81288056206089 0.2671875 0.351288056206089
2 0.8204609375 0.6629859484777518 0.359078125 0.6740281030444965
2 0.29978125 0.5337822014051522 0.22690625 0.7410070257611242
2 0.6649375 0.8322014051522247 0.29603125 0.3153161592505854
2 0.40481249999999996 0.5426932084309133 0.3838125 0.8921311475409835
2 0.6211484374999999 0.5096487119437939 0.082890625 0.1797189695550351
2 0.6770703125 0.48768149882903983 0.075109375 0.15353629976580796
2 0.055140625 0.5152576112412177 0.11028125 0.25515222482435596
2 0.977140625 0.45954332552693206 0.04571875 0.07843091334894614
2 0.8990390625 0.4894028103044497 0.094796875 0.18714285714285714
1 0.6897109375 0.6361241217798597 0.119296875 0.10484777517564403
0 0.1335546875 0.5035362997658079 0.065828125 0.06079625292740047
2 0.1758984375 0.4740281030444965 0.067578125 0.14285714285714285
2 0.5704140625 0.4094379391100702 0.035765625 0.07850117096018736
2 0.137546875 0.4461241217798595 0.0656875 0.09772833723653394
2 0.610515625 0.4160889929742389 0.0335 0.06594847775175644
0 0.6202890625 0.6445081967213114 0.057765625 0.0991334894613583
1 0.946515625 0.6871428571428572 0.10696874999999999 0.11081967213114755