0 0.4703125 0.8706562499999999 0.10190625 0.13339583333333332
1 0.5529921875 0.80771875 0.09035937499999999 0.044145833333333336
2 0.801296875 0.78753125 0.31590625 0.4249375
2 0.248875 0.7804791666666666 0.4029375 0.41083333333333333
2 0.6311406249999999 0.6550208333333333 0.033875 0.0355
2 0.031476562500000006 0.73075 0.056671875000000003 0.18195833333333333
2 0.3611484374999999 0.7185729166666667 0.041921875 0.14710416666666667
2 0.5739453125 0.7444166666666667 0.049640625 0.08608333333333333
2 0.5304765625 0.7058854166666666 0.030046875 0.11164583333333335
0 0.5691953125 0.8920416666666667 0.080828125 0.14391666666666666
0 0.401453125 0.7676354166666666 0.02828125 0.0336875
0 0.026976562500000002 0.8533020833333332 0.05304687500000001 0.07560416666666667
0 0.10297656250000001 0.8399895833333333 0.072515625 0.052895833333333336
0 0.3519765625000001 0.8313541666666667 0.056015625 0.03820833333333333
2 0.5637031250000001 0.6805833333333333 0.0255625 0.051708333333333335
0 0.6391796875000001 0.8504270833333333 0.052796875 0.14431249999999998
0 0.46517187499999996 0.9168541666666666 0.1045 0.14383333333333334
0 0.63434375 0.9517083333333333 0.04171875 0.09658333333333333
0 0.0251796875 0.9277604166666666 0.050359375 0.0940625
1 0.85596875 0.7872604166666667 0.05600000000000001 0.0158125
1 0.68184375 0.7966562500000001 0.04453125 0.012395833333333333
2 0.081078125 0.76825 0.03021875 0.08441666666666667
2 0.48671875 0.7974895833333334 0.103625 0.2005625
1 0.35155468749999996 0.79409375 0.058265625 0.0135625