1 0.5450234375 0.8652576112412177 0.516828125 0.24882903981264637
1 0.554515625 0.6403864168618267 0.21065625 0.04995316159250585
2 0.3069921875 0.6178103044496487 0.100859375 0.2922014051522248
2 0.40277343749999994 0.5973302107728338 0.13639062500000002 0.23278688524590166
2 0.46539843750000004 0.5424941451990632 0.073140625 0.14901639344262296
2 0.5398203125000001 0.5898711943793911 0.150703125 0.20456674473067915
2 0.8675 0.7682903981264637 0.265 0.46341920374707257
2 0.9185234374999999 0.5599882903981264 0.076359375 0.21519906323185012
2 0.2413828125 0.8190983606557377 0.224890625 0.33932084309133487
2 0.12669531250000002 0.5078688524590165 0.169421875 0.38201405152224827
2 0.5617265625 0.7948477751756441 0.267765625 0.3834192037470726
2 0.6527968750000002 0.5491451990632319 0.07184375 0.13416861826697893
2 0.3704375000000001 0.532271662763466 0.04959375 0.09451990632318501
0 0.2992578125 0.6875878220140516 0.035671875 0.15011709601873535
0 0.1791640625 0.9449414519906322 0.160421875 0.08763466042154568
0 0.037851562500000005 0.8974121779859484 0.049609375 0.20072599531615923
0 0.5554453125000001 0.9786299765807962 0.23985937499999999 0.04274004683840749
0 0.7594609375 0.7216861826697892 0.110421875 0.08135831381733022
0 0.7540078125 0.6545784543325527 0.076359375 0.054730679156908664
0 0.36518749999999994 0.7351873536299766 0.11265624999999999 0.12021077283372365
0 0.3642109375 0.6574824355971897 0.065015625 0.04836065573770491
2 0.6951328125 0.6259133489461358 0.162453125 0.27
0 0.9771640625 0.9778337236533957 0.045671875 0.04433255269320843
0 0.5023906250000001 0.7190632318501171 0.0194375 0.07644028103044496
2 0.1103125 0.7817330210772834 0.1550625 0.43653395784543325
2 0.58203125 0.6967213114754098 0.8328125 0.5456674473067916