2 0.24559375 0.6440416666666666 0.174125 0.67125
2 0.30758593749999996 0.6056145833333333 0.11629687500000001 0.6089791666666666
2 0.38005468750000004 0.5808958333333334 0.11629687500000001 0.6045
2 0.4861171875 0.59475 0.10714062499999999 0.55025
2 0.5600703125 0.6119791666666666 0.11560937499999999 0.5388750000000001
2 0.6712578124999999 0.5923125 0.130515625 0.5726666666666667
2 0.7685390625000001 0.6 0.131453125 0.6561666666666667
2 0.71015625 0.4395625 0.03375 0.15845833333333334
0 0.43607812500000004 0.5888229166666666 0.028249999999999997 0.1735625
2 0.8960781250000001 0.4038333333333333 0.13059375 0.15758333333333333
1 0.9178750000000001 0.50490625 0.16425 0.07372916666666667