0 0.7434765625 0.8591372141372141 0.362046875 0.2602286902286902
0 0.4578125 0.7681912681912682 0.275 0.46361746361746364
0 0.3905625 0.6082120582120583 0.17121875 0.33035343035343034
0 0.5751015625 0.3943035343035343 0.051796875 0.11222453222453221
0 0.617359375 0.43039501039501044 0.0939375 0.12224532224532224
2 0.379984375 0.4442931392931393 0.1546875 0.47203742203742205
2 0.301453125 0.35695426195426194 0.11296874999999999 0.33844074844074845
2 0.12250000000000001 0.3017567567567567 0.0581875 0.09453222453222453
0 0.094890625 0.32379417879417877 0.01415625 0.054490644490644495
0 0.1519765625 0.32653846153846156 0.017734375 0.032286902286902286
0 0.17654687500000002 0.3322245322245322 0.029906250000000002 0.0545945945945946
0 0.5345390625 0.38314968814968814 0.035453125 0.11461538461538462
0 0.23391406250000002 0.31405405405405407 0.026078125 0.022203742203742202
1 0.7131640625 0.3562993762993763 0.105734375 0.042494802494802496
1 0.63165625 0.3278482328482329 0.13174999999999998 0.0304989604989605
2 0.062421875 0.2987318087318087 0.037375000000000005 0.12652806652806653
2 0.49341406250000003 0.3103430353430353 0.050984375000000005 0.278024948024948
2 0.6207343750000001 0.3296361746361747 0.08721875 0.10617463617463617
2 0.8634374999999999 0.30701663201663204 0.03996875 0.06704781704781705
2 0.7554531250000001 0.4455301455301455 0.151875 0.2935135135135135
2 0.7792109375 0.5067359667359668 0.263671875 0.3492723492723493
2 0.742171875 0.3021517671517672 0.0804375 0.0993970893970894
2 0.20867968750000002 0.3034511434511435 0.044703124999999996 0.07135135135135136
1 0.953125 0.5436590436590436 0.09375 0.17255717255717257
0 0.6511640625 0.43533264033264035 0.052296875 0.09004158004158004