0 0.1603515625 0.5086885245901639 0.128640625 0.32177985948477755
0 0.11685156249999999 0.46923887587822016 0.12445312500000001 0.25098360655737706
0 0.1283046875 0.36572599531615924 0.033734375 0.043067915690866515
2 0.57196875 0.32063231850117097 0.8560625 0.5587353629976581
2 0.8808359375 0.3033723653395785 0.08545312499999999 0.539344262295082
2 0.58046875 0.22037470725995315 0.0984375 0.43559718969555034
2 0.6536953125 0.22134660421545668 0.092953125 0.43819672131147547
2 0.13825 0.25449648711943795 0.069125 0.20946135831381732
2 0.4114296875 0.15210772833723654 0.087609375 0.21882903981264637
2 0.5279609375 0.19517564402810306 0.139484375 0.38426229508196724
2 0.7199453124999999 0.2292271662763466 0.06442187499999999 0.3365807962529274
2 0.8833671875 0.28216627634660424 0.166703125 0.5439578454332553
1 0.102703125 0.5410187353629976 0.20540625 0.33482435597189697
2 0.6119765625 0.0761943793911007 0.038546875 0.0647072599531616