0 0.3228229166666666 0.40990625 0.6336458333333332 0.2545
0 0.18226041666666667 0.2566015625 0.0698125 0.067015625
0 0.05448958333333333 0.233546875 0.09043749999999999 0.0510625
0 0.67878125 0.28190624999999997 0.1731875 0.05846875
1 0.5693854166666666 0.76696875 0.8612291666666666 0.429875
2 0.7956354166666666 0.334671875 0.40872916666666664 0.50928125
2 0.5568020833333333 0.28501562500000005 0.17477083333333335 0.26965625000000004
2 0.6760208333333334 0.256046875 0.12141666666666667 0.1265
2 0.1539375 0.22732812500000002 0.09479166666666666 0.13125
1 0.093875 0.26310937500000003 0.07345833333333333 0.01184375
2 0.034854166666666665 0.19273437499999999 0.06920833333333333 0.047
2 0.09816666666666668 0.18921875 0.06970833333333333 0.07681249999999999
2 0.390125 0.45201562500000003 0.78025 0.8839375
2 0.02815625 0.24242187499999995 0.0563125 0.06665625
2 0.06901041666666667 0.9032890625000001 0.13468750000000002 0.189296875
0 0.47621875 0.29025781250000005 0.03277083333333333 0.078796875
0 0.42614583333333333 0.29346875 0.08841666666666666 0.08590624999999999