0 0.7551640624999999 0.6461666666666666 0.128546875 0.181125
0 0.4280546875000001 0.7309583333333334 0.20564062500000002 0.4025416666666667
0 0.676421875 0.7726875 0.19378125 0.438625
0 0.22156250000000002 0.6305729166666666 0.151125 0.2924791666666666
2 0.13307031249999998 0.12633333333333333 0.08345312499999999 0.15091666666666667
2 0.40989062499999995 0.14801041666666667 0.0375625 0.11685416666666668
0 0.42825781250000006 0.5259895833333333 0.061234374999999994 0.04477083333333333
0 0.6111171874999999 0.46602083333333333 0.074453125 0.045000000000000005
0 0.17825000000000002 0.47792708333333334 0.04090625 0.03635416666666667
0 0.89471875 0.6304583333333333 0.16703125000000002 0.30483333333333335
0 0.0710390625 0.6438333333333333 0.038703125 0.132375
0 0.1341015625 0.7004583333333333 0.105296875 0.24770833333333334
1 0.47843749999999996 0.73025 0.586625 0.5382083333333333
1 0.43553125000000004 0.4957708333333333 0.2916875 0.13566666666666669