1 0.5990258215962442 0.5836015625 0.5081455399061033 0.415796875
2 0.361244131455399 0.49438281249999994 0.49291079812206573 0.404484375
2 0.6952230046948356 0.39446875 0.2102582159624413 0.189625
0 0.28901408450704225 0.6140625 0.43276995305164323 0.38875000000000004
0 0.03911971830985915 0.5913359375 0.0782394366197183 0.205609375
0 0.8097652582159623 0.602265625 0.36178403755868543 0.3775
0 0.8602464788732394 0.471984375 0.08537558685446009 0.110125
0 0.7048708920187793 0.58228125 0.14157276995305165 0.33390624999999996
0 0.4211384976525821 0.4752890625 0.0866431924882629 0.11126562499999999
0 0.8094718309859155 0.5140078124999999 0.09077464788732395 0.184984375
0 0.4749647887323944 0.4431796875 0.040727699530516435 0.043359375
0 0.07998826291079812 0.5753281250000001 0.14438967136150235 0.2935
0 0.5538615023474178 0.501046875 0.1437793427230047 0.16540625
0 0.9649178403755869 0.613640625 0.0701643192488263 0.14259375000000002
0 0.5411971830985915 0.4328671875 0.09187793427230047 0.020390625000000002
0 0.6467136150234741 0.54375 0.06338028169014084 0.078125