0 0.955890625 0.8725345622119816 0.08465625 0.2549308755760369
0 0.0455390625 0.7869009216589863 0.059265625 0.24241935483870966
0 0.3064609375 0.45794930875576034 0.053921874999999994 0.05714285714285714
0 0.8178984375 0.3080184331797235 0.032046875 0.05631336405529954
0 0.8453984374999999 0.28986175115207374 0.043859375 0.07364055299539171
1 0.4769765625 0.6550576036866359 0.944796875 0.658410138248848
1 0.227734375 0.40857142857142853 0.438875 0.2552995391705069
2 0.2194375 0.6786520737327189 0.3383125 0.49440092165898614
2 0.3478437499999999 0.5084792626728111 0.1723125 0.38294930875576033
2 0.5177109375 0.4394585253456222 0.205265625 0.3856451612903226
2 0.71153125 0.3199193548387097 0.10981250000000001 0.2471658986175115
2 0.83125 0.7901728110599079 0.18196874999999998 0.41661290322580646
2 0.8998515625000001 0.7146082949308755 0.144765625 0.548294930875576
2 0.96015625 0.5887096774193549 0.0796875 0.4792626728110599
2 0.6612031250000001 0.8770506912442396 0.195625 0.24589861751152073
2 0.8027421875 0.27578341013824886 0.10307812499999999 0.22023041474654378
2 0.9866093749999999 0.3162788018433179 0.026687499999999996 0.08324884792626729
2 0.1799140625 0.4199654377880184 0.197515625 0.29338709677419356
0 0.08716406250000001 0.3591589861751152 0.020109375 0.057811059907834104
1 0.8963437500000001 0.3090783410138249 0.12209375 0.09617511520737328
2 0.6364609375000001 0.3668663594470047 0.155609375 0.2840092165898618
2 0.2835546875 0.3863018433179723 0.10795312500000001 0.3794239631336405
0 0.22474218749999997 0.2984792626728111 0.048078125 0.053456221198156684
2 0.31171875 0.5645161290322581 0.6234375 0.8663594470046083