0 0.7523671875 0.7314583333333332 0.164109375 0.5142083333333333
0 0.0397578125 0.2808333333333334 0.078984375 0.11370833333333333
1 0.260296875 0.5910520833333334 0.5170625 0.5670625
2 0.34809375 0.27017708333333335 0.16815625 0.3430625
2 0.22331250000000002 0.7056250000000001 0.44325000000000003 0.5617916666666667
2 0.576625 0.62096875 0.17790625 0.47722916666666665
2 0.6455078125 0.7943854166666667 0.161796875 0.37977083333333334
2 0.6648828124999999 0.4067395833333334 0.416296875 0.7191041666666667
0 0.4915312500000001 0.5671458333333333 0.11825000000000001 0.4284166666666666
0 0.10093749999999999 0.86840625 0.20178124999999997 0.26218749999999996
0 0.268703125 0.8808124999999999 0.24740625 0.238375