1 0.47573437499999993 0.6935625 0.7618437499999999 0.5891666666666667
2 0.0943828125 0.67753125 0.188765625 0.6224791666666667
2 0.185125 0.5289791666666667 0.24965625 0.3383333333333333
2 0.27218749999999997 0.40111458333333333 0.244375 0.31685416666666666
2 0.4619453125 0.3056145833333333 0.131390625 0.24089583333333334
2 0.69134375 0.39946875 0.12196875 0.23489583333333333
2 0.8640234375 0.6261249999999999 0.23142187500000003 0.7162083333333332
0 0.34954687500000003 0.32266666666666666 0.10596874999999999 0.200625
2 0.7162890625000001 0.5370833333333334 0.165171875 0.32808333333333334
0 0.9819765625000001 0.8121979166666666 0.033921875000000004 0.37560416666666663
0 0.7871718750000001 0.6133229166666666 0.08553125 0.23485416666666667
0 0.052460937500000006 0.5929166666666666 0.032109375 0.06933333333333333
0 0.6720937499999999 0.3257291666666667 0.12159374999999999 0.14929166666666666