1 0.65003125 0.8294103773584904 0.48946875 0.32235849056603777
2 0.32752343749999996 0.6013561320754718 0.252171875 0.7792688679245283
2 0.341109375 0.36879716981132077 0.2145625 0.5198584905660377
0 0.8776250000000001 0.8269575471698113 0.0729375 0.2067452830188679
1 0.55259375 0.6453891509433962 0.34478125 0.08700471698113207
2 0.719453125 0.5136084905660377 0.081125 0.42165094339622644
2 0.8426406249999999 0.6045047169811321 0.16375 0.5123584905660378
2 0.8747578124999998 0.25471698113207547 0.031359375 0.20858490566037735
2 0.418765625 0.2111556603773585 0.02915625 0.05867924528301886
2 0.7729921875000001 0.2575943396226415 0.043265625 0.21485849056603773
2 0.539625 0.169563679245283 0.032375 0.14247641509433961
2 0.5643125 0.12596698113207547 0.020749999999999998 0.040188679245283014
2 0.6027734375 0.393879716981132 0.068296875 0.25087264150943395
2 0.8447734375 0.26030660377358494 0.051515624999999995 0.2007547169811321
2 0.69878125 0.24373820754716982 0.02890625 0.10908018867924528