0 0.6629375000000001 0.8063087774294672 0.04503125 0.08970219435736676
0 0.5807499999999999 0.8192711598746082 0.06590625 0.12158307210031347
0 0.5074062500000001 0.8268887147335422 0.09490625 0.12274294670846396
0 0.44974218749999995 0.8217006269592476 0.051453125 0.11782131661442007
0 0.5612578125000001 0.771293103448276 0.062828125 0.03731974921630094
0 0.6582421875 0.7520846394984326 0.053421874999999994 0.01993730407523511
0 0.6254921875 0.749694357366771 0.027890625000000002 0.028887147335423198
2 0.6041015625 0.7147413793103449 0.046890625000000005 0.0875705329153605
1 0.5604609375 0.7805564263322885 0.066015625 0.012147335423197491
2 0.6765234375 0.712860501567398 0.020984375 0.08590909090909091
2 0.615171875 0.6931583072100314 0.0315625 0.0620846394984326
1 0.65053125 0.7657288401253919 0.06278125 0.009200626959247648