2 0.28736276849642006 0.7918984375 0.0664200477326969 0.108359375
2 0.4850238663484487 0.7661640624999999 0.04069212410501193 0.052890625000000004
2 0.3626133651551312 0.781984375 0.06794749403341288 0.07709375
2 0.5846420047732698 0.7720546875000001 0.04183770883054893 0.063578125
2 0.5728520286396181 0.758296875 0.03835322195704057 0.0655625
2 0.9480310262529832 0.8166328125 0.06961813842482101 0.073109375
0 0.6375894988066825 0.879875 0.12463007159904535 0.11171875
0 0.3047255369928401 0.8289140625 0.04066825775656324 0.070546875
0 0.4077684964200477 0.8417656250000001 0.056396181384248206 0.08028125
0 0.4728639618138425 0.8502656249999999 0.10210023866348449 0.08684375
0 0.554272076372315 0.8703671875 0.0833890214797136 0.10595312500000001
0 0.7624940334128879 0.8720859375 0.1278997613365155 0.10689062499999999
0 0.7226968973747017 0.8235546875 0.07832935560859189 0.023640625000000002
0 0.6018019093078758 0.818984375 0.08346062052505966 0.03334375
0 0.5637947494033413 0.80871875 0.06644391408114558 0.0221875
0 0.35230310262529835 0.832359375 0.07544152744630071 0.0728125
0 0.8240811455847256 0.8134218750000001 0.06591885441527447 0.0300625
0 0.46639618138424815 0.8047187499999999 0.05121718377088306 0.029562500000000002
1 0.6782816229116946 0.87678125 0.08968973747016706 0.09181249999999999
1 0.5160262529832935 0.8168124999999999 0.07190930787589499 0.0079375
2 0.3606205250596659 0.7648671874999999 0.05422434367541766 0.076734375
0 0.4960859188544152 0.80971875 0.06897374701670644 0.03478125
1 0.9420763723150358 0.8360546875000001 0.06744630071599046 0.019484375
0 0.7649164677804295 0.8265625 0.3031026252983294 0.075