2 0.19954687499999998 0.7980796252927401 0.0468125 0.16594847775175645
2 0.12932812500000002 0.7212880562060889 0.06746875 0.10112412177985948
2 0.1620859375 0.8199414519906323 0.051234375 0.13229508196721312
2 0.28742187500000005 0.6660187353629977 0.047531250000000004 0.06543325526932085
2 0.34090625 0.6736533957845434 0.034937499999999996 0.07578454332552693
2 0.08306250000000001 0.7522833723653396 0.04953125 0.08484777517564403
0 0.9608984375 0.4776346604215456 0.078203125 0.2421077283372365
2 0.282109375 0.7504215456674473 0.0414375 0.128384074941452
2 0.23133593749999998 0.6958196721311476 0.049640625 0.12836065573770492
2 0.029898437500000003 0.7821662763466043 0.059796875000000006 0.07875878220140516
2 0.321484375 0.29066744730679156 0.04046875 0.181943793911007
2 0.3922734375 0.6915456674473068 0.035109375 0.07175644028103044
0 0.1628203125 0.8560070257611241 0.072421875 0.08189695550351288
1 0.1320625 0.7868266978922717 0.10146875 0.08156908665105386
0 0.971875 0.613559718969555 0.05625 0.2110070257611241
0 0.9847421875 0.40323185011709606 0.030515625 0.10889929742388758
1 0.31528125000000007 0.6635362997658081 0.0419375 0.05142857142857143