0 0.21247 0.1570933333333333 0.024820000000000002 0.055626666666666665
0 0.26764 0.12994666666666668 0.04564 0.05749333333333333
0 0.26394999999999996 0.15355999999999997 0.02886 0.04381333333333333
0 0.47255 0.12522666666666668 0.0135 0.025333333333333333
0 0.49502999999999997 0.13106666666666666 0.018539999999999997 0.022453333333333332
0 0.42684000000000005 0.13464 0.02096 0.03146666666666667
0 0.45078 0.13174666666666668 0.01772 0.03522666666666667
0 0.30034 0.14182666666666668 0.018920000000000003 0.035493333333333335
2 0.16775 0.13685333333333333 0.01598 0.02853333333333333
2 0.29744000000000004 0.4533466666666667 0.01244 0.03570666666666667
2 0.23082999999999998 0.12680000000000002 0.01682 0.022613333333333336
0 0.30512 0.14942666666666665 0.01832 0.03848
2 0.16989999999999997 0.12241333333333332 0.013519999999999999 0.04056
1 0.42023 0.12728 0.04458 0.00848
1 0.45078 0.12414666666666667 0.01572 0.004506666666666667
1 0.26241 0.12222666666666666 0.026539999999999998 0.009733333333333333
1 0.24345 0.1399733333333333 0.04234 0.010933333333333333
1 0.30724 0.11677333333333333 0.023280000000000002 0.005493333333333334
1 0.50082 0.11786666666666668 0.027719999999999998 0.00704
1 0.54571 0.11892 0.02122 0.003973333333333333
0 0.37154000000000004 0.12309333333333335 0.015439999999999999 0.02128
0 0.23985 0.15370666666666666 0.01746 0.03845333333333333
0 0.25568 0.11882666666666668 0.0136 0.005920000000000001
1 0.28335 0.11466666666666667 0.047420000000000004 0.017386666666666665
1 0.38343 0.12426666666666666 0.16734000000000002 0.025866666666666666
1 0.27951 0.10763999999999999 0.01298 0.012186666666666667
0 0.381 0.12933333333333333 0.314 0.07733333333333334