0 0.1400546875 0.7548004694835679 0.041671875000000004 0.1565023474178404
2 0.33028125 0.3608215962441314 0.12428125000000001 0.4195305164319249
2 0.0633671875 0.6190962441314555 0.126734375 0.39086854460093895
2 0.2946640625 0.7865140845070422 0.33804687499999997 0.4044835680751174
2 0.6431875 0.5056220657276995 0.08675000000000001 0.3910093896713615
2 0.5397578125 0.4537793427230047 0.070046875 0.25403755868544603
2 0.7165703124999999 0.4710798122065728 0.064953125 0.19962441314553991
2 0.3848828125 0.38460093896713615 0.084859375 0.4061502347417841
0 0.39453125000000006 0.8263615023474179 0.08290625 0.043896713615023474
2 0.2017890625 0.5046126760563381 0.072640625 0.24692488262910797
2 0.3657265625 0.7921361502347417 0.294671875 0.3887793427230047
2 0.4190703125 0.4809507042253521 0.047640625 0.24354460093896713
2 0.19691406250000001 0.24684272300469484 0.050859375 0.11401408450704226
2 0.0385078125 0.24593896713615027 0.038578125000000005 0.05887323943661971
0 0.28807031250000004 0.679612676056338 0.015296874999999998 0.06762910798122065
1 0.1674140625 0.8491197183098592 0.33204687499999996 0.10640845070422535