2 0.14460156250000003 0.7233333333333333 0.11554687500000001 0.22445833333333332
2 0.197359375 0.6448958333333333 0.032968750000000005 0.06708333333333334
2 0.256 0.6976041666666667 0.03375 0.159375
2 0.5909921875 0.64296875 0.017703125 0.029479166666666667
0 0.2774140625 0.7079375 0.023234374999999998 0.06258333333333334
1 0.37520312499999997 0.7024374999999999 0.030843749999999996 0.028208333333333332
1 0.506203125 0.6875104166666667 0.04303125 0.047562499999999994
1 0.550984375 0.6642395833333334 0.01821875 0.0163125
2 0.512984375 0.6431354166666666 0.0208125 0.03227083333333333
2 0.3834453125 0.6766145833333334 0.029109375 0.06689583333333333
2 0.405453125 0.7054062499999999 0.01840625 0.08335416666666666
2 0.42115625 0.6684374999999999 0.029249999999999998 0.056374999999999995
2 0.4602578125 0.6636458333333334 0.026515624999999998 0.041875
2 0.6975234374999999 0.6390520833333333 0.018421874999999997 0.0364375
2 0.3445390625 0.6749791666666667 0.032046875 0.058916666666666666
0 0.6328125000000001 0.64796875 0.01625 0.0047708333333333335
0 0.6631171875 0.6615520833333334 0.015484375 0.025437500000000002
1 0.45307031249999996 0.6742395833333333 0.037296875 0.021062499999999998
1 0.683453125 0.64296875 0.01228125 0.009937499999999998
1 0.7013281250000001 0.6393645833333333 0.01071875 0.004145833333333333
2 0.8357421875 0.6349374999999999 0.016671875 0.05258333333333333
0 0.302578125 0.7112812500000001 0.02971875 0.06760416666666667
0 0.337203125 0.6932604166666667 0.01596875 0.024895833333333332
0 0.2844296875 0.7154062499999999 0.001359375 0.017770833333333333
0 0.513375 0.6864270833333334 0.032375 0.0535625
0 0.57796875 0.6620729166666667 0.013250000000000001 0.0228125
0 0.4059375 0.6888229166666667 0.02271875 0.020979166666666667
0 0.6464765625 0.6600520833333334 0.013515625 0.034770833333333334
0 0.5109296875 0.6624166666666667 0.013359375000000001 0.011708333333333333
2 0.5550390625 0.6457291666666668 0.010359375 0.03191666666666667
0 0.43540625000000005 0.68178125 0.0110625 0.017520833333333333
1 0.5921875 0.662125 0.0156875 0.015458333333333333
1 0.6266484375000001 0.6520625 0.013609375000000002 0.006791666666666666
2 0.66640625 0.6291666666666667 0.5578125 0.09166666666666666