0 0.23948437499999997 0.7466121495327103 0.09940625 0.4324299065420561
0 0.7641484374999999 0.2840070093457944 0.10279687500000001 0.1377336448598131
0 0.90290625 0.4857593457943926 0.14737499999999998 0.19193925233644862
1 0.9793984374999999 0.4146028037383177 0.041203125 0.04719626168224299
2 0.498921875 0.5716705607476635 0.36984374999999997 0.8261915887850467
2 0.46948437500000006 0.21049065420560747 0.30190625 0.41761682242990655
2 0.9422734375000001 0.1860981308411215 0.11517187499999999 0.32728971962616826
2 0.027671875000000002 0.42191588785046724 0.049375 0.5078504672897196
0 0.21998437500000004 0.4860046728971963 0.0558125 0.12873831775700936
0 0.7005312499999999 0.5942406542056075 0.07359375 0.03507009345794392
2 0.6564375 0.38644859813084115 0.168875 0.3989252336448598
1 0.8433046875000001 0.3282009345794393 0.312234375 0.24696261682242993