2 0.12928125 0.4406041666666667 0.02028125 0.025333333333333333
2 0.2077109375 0.45798958333333334 0.020234375 0.04689583333333334
2 0.38117968750000003 0.4259583333333333 0.016484375000000002 0.03920833333333333
2 0.6076328125 0.41293749999999996 0.016984375 0.03195833333333333
2 0.262140625 0.43642708333333335 0.021593750000000002 0.03639583333333333
2 0.28459375000000003 0.435875 0.00984375 0.013541666666666667
0 0.24969531250000002 0.4905 0.042109375 0.06066666666666667
0 0.28287500000000004 0.4840520833333333 0.035375000000000004 0.06952083333333332
0 0.0817265625 0.48328125 0.032296875 0.04052083333333333
0 0.35225 0.47503124999999996 0.029281249999999998 0.051479166666666666
0 0.33175 0.46754166666666663 0.02678125 0.04458333333333333
0 0.154546875 0.4864583333333333 0.03434375 0.05508333333333334
0 0.11549218750000001 0.48001041666666666 0.029390624999999997 0.04597916666666667
0 0.44596875 0.4593958333333334 0.0196875 0.023125
0 0.18609375 0.4834270833333333 0.032625 0.0536875
2 0.100390625 0.46878125000000004 0.0108125 0.0674375
2 0.14588281250000001 0.45036458333333335 0.023609375 0.036520833333333336
2 0.33259375 0.42795833333333333 0.023625 0.02695833333333333
2 0.429390625 0.42157291666666663 0.00971875 0.030354166666666668
2 0.40855468749999996 0.4447708333333333 0.025671875 0.050166666666666665
2 0.0304453125 0.45267708333333334 0.025984374999999997 0.028395833333333335
2 0.1669296875 0.4436354166666667 0.018171875 0.030020833333333333
1 0.7819375 0.5351979166666666 0.14153125 0.042229166666666665
1 0.90915625 0.5455625000000001 0.1816875 0.04320833333333333
0 0.31144531249999996 0.4722291666666667 0.025828125 0.05254166666666667
2 0.47578125 0.42083333333333334 0.9484375 0.14583333333333334