0 0.69414 0.7633933933933934 0.03724 0.04882882882882884
0 0.74164 0.8667267267267268 0.04524 0.16648648648648648
0 0.65495 0.6900450450450449 0.03202 0.013123123123123123
0 0.58378 0.7577927927927928 0.02644 0.056006006006006
0 0.51637 0.7047297297297296 0.03726 0.06483483483483483
0 0.48018 0.6534684684684685 0.01748 0.05810810810810811
2 0.8134 0.8848198198198197 0.0728 0.1847147147147147
2 0.90794 0.8356456456456456 0.07436 0.0754954954954955
2 0.7098499999999999 0.7333783783783784 0.046579999999999996 0.07324324324324324
2 0.67349 0.7498498498498498 0.02934 0.1303303303303303
2 0.51685 0.6598348348348347 0.03554 0.14315315315315316
1 0.63348 0.7095495495495495 0.06720000000000001 0.038138138138138135
1 0.90777 0.8906456456456457 0.09758 0.04567567567567568
1 0.74006 0.7632432432432433 0.032159999999999994 0.032192192192192194
1 0.60149 0.6693843843843844 0.0505 0.04387387387387387
1 0.50601 0.618978978978979 0.05714 0.018558558558558556
1 0.38939999999999997 0.5547297297297297 0.03324 0.015345345345345346
1 0.97938 0.5924924924924925 0.04124 0.0421021021021021
1 0.86181 0.5646696696696697 0.02478 0.023393393393393393
2 0.53569 0.626006006006006 0.027460000000000002 0.057537537537537535
2 0.45852 0.5829429429429429 0.01392 0.030690690690690692
2 0.39089999999999997 0.5274474474474474 0.018760000000000002 0.043243243243243246
2 0.37854 0.5383933933933934 0.027039999999999998 0.04315315315315315
2 0.93088 0.6150000000000001 0.039799999999999995 0.061111111111111116
2 0.5603 0.6886486486486486 0.0474 0.1136936936936937
1 0.39961 0.5641741741741741 0.01558 0.01039039039039039
2 0.43945 0.6013213213213213 0.03474 0.12648648648648647
2 0.8879 0.5519519519519519 0.04344 0.08168168168168168
1 0.80096 0.8184684684684685 0.08916 0.04024024024024024
2 0.736 0.5165165165165165 0.464 0.23423423423423423