0 0.342484375 0.34179166666666666 0.20953125 0.31670833333333337
0 0.3534921875 0.14971874999999998 0.147796875 0.2146875
0 0.8825468750000001 0.45323958333333336 0.23490625 0.32885416666666667
0 0.08174218750000001 0.24382291666666667 0.15335937500000002 0.28089583333333334
2 0.5817812499999999 0.4940208333333333 0.8266562499999999 0.9780833333333334
2 0.2542265625 0.1914375 0.197640625 0.373875
0 0.9414453125000002 0.37102083333333336 0.10882812500000001 0.18283333333333335
1 0.10077343750000001 0.8567187500000001 0.20154687500000001 0.2865625
1 0.9525390625 0.14413541666666668 0.094921875 0.06972916666666666
1 0.3870078125 0.19970833333333335 0.046984375 0.052958333333333336
1 0.1488203125 0.19351041666666668 0.218796875 0.38702083333333337