0 0.8851170960187354 0.382078125 0.14039812646370023 0.1686875
0 0.09885245901639345 0.5044062500000001 0.13915690866510538 0.18156250000000002
0 0.2463231850117096 0.40664843750000007 0.09967213114754099 0.129453125
0 0.9568384074941453 0.393515625 0.08416861826697891 0.14415625
2 0.14639344262295081 0.33007812500000006 0.09700234192037471 0.063
2 0.9522599531615925 0.1512421875 0.095480093676815 0.206890625
0 0.8162060889929743 0.31213281249999997 0.07836065573770493 0.075921875
1 0.14963700234192037 0.39060937500000004 0.15088992974238877 0.11615625
2 0.9216627634660421 0.2259921875 0.1117096018735363 0.19048437499999998
0 0.09907494145199063 0.4001093750000001 0.08461358313817331 0.04234375
0 0.7859016393442624 0.2824140625 0.0619672131147541 0.064953125
0 0.10072599531615926 0.38210937500000003 0.09878220140515222 0.0804375
0 0.9403747072599531 0.609078125 0.11925058548009368 0.3055
1 0.5155737704918033 0.777921875 0.9688524590163934 0.40778125000000004
2 0.6598711943793911 0.5116875000000001 0.5722950819672131 0.46234374999999994
2 0.21553864168618267 0.3355625 0.0348711943793911 0.0495
0 0.8253629976580795 0.262625 0.0838407494145199 0.03821875