0 0.9603645833333334 0.6601640624999999 0.07564583333333334 0.061890625
0 0.7896979166666666 0.6255703125000001 0.034229166666666665 0.06029687500000001
0 0.8606041666666666 0.640328125 0.051583333333333335 0.0700625
1 0.8108020833333334 0.6430546875 0.0749375 0.067984375
1 0.5800208333333334 0.5944453125 0.01875 0.005515625
2 0.08636458333333333 0.6157421875000001 0.059812500000000005 0.109265625
2 0.31240625000000005 0.5846640625 0.0301875 0.057671875
2 0.3376354166666667 0.5806015625 0.030104166666666664 0.065859375
2 0.6369375 0.6230625 0.09629166666666666 0.16312500000000002
2 0.6933854166666666 0.5831015624999999 0.0741875 0.09814062500000001
2 0.9830729166666666 0.57903125 0.033854166666666664 0.0385625
2 0.9185729166666667 0.6035859375000001 0.029187499999999998 0.073859375
2 0.9639375 0.6282265625 0.072125 0.073671875
0 0.5727708333333333 0.626890625 0.041666666666666664 0.0503125
2 0.25077083333333333 0.5702109375 0.015041666666666667 0.019265625
2 0.8825833333333334 0.5966093750000001 0.06425 0.12490625
2 0.15514583333333337 0.58753125 0.021 0.04421875
2 0.12547916666666667 0.5872499999999999 0.021625000000000002 0.04865625
2 0.1705 0.58409375 0.012833333333333334 0.031875
1 0.84778125 0.5974765625 0.056479166666666664 0.015453125000000002
1 0.9758333333333334 0.5973984375 0.04154166666666667 0.012109375
2 0.43333333333333335 0.62734375 0.5125 0.1359375