1 0.40112500000000006 0.8224791666666668 0.7955 0.3325833333333333
2 0.7353828124999999 0.6769166666666666 0.48482812500000005 0.6449583333333333
2 0.1576328125 0.5344583333333333 0.260015625 0.46575
2 0.697140625 0.46107291666666667 0.09228125000000001 0.3579375
2 0.0305625 0.4634791666666667 0.061125 0.3595416666666667
2 0.06368750000000001 0.29575 0.053125 0.12520833333333334
2 0.23309375000000002 0.43903125000000004 0.04278125 0.22172916666666667
2 0.5251328125 0.47028125000000004 0.299046875 0.4736875
0 0.917765625 0.5899062500000001 0.03753125 0.06585416666666667
0 0.9819375000000001 0.7811875 0.036125000000000004 0.16133333333333333
2 0.7675000000000001 0.3203854166666667 0.0930625 0.1123125