0 0.8312395833333334 0.2837578125 0.07339583333333333 0.102953125
0 0.9614895833333333 0.3636484375 0.07702083333333333 0.143671875
0 0.9662395833333333 0.31159375 0.06752083333333332 0.10446875
1 0.9357916666666667 0.2742734375 0.12841666666666668 0.09476562499999999
1 0.3654895833333333 0.5988203125 0.7309791666666666 0.774109375
2 0.16608333333333333 0.41367968750000006 0.21958333333333335 0.5217343750000001
2 0.24473958333333332 0.21921093749999998 0.13397916666666668 0.22014062499999998
2 0.18983333333333335 0.4899062500000001 0.3796666666666667 0.6793750000000001
2 0.42715625 0.23246093750000002 0.14522916666666666 0.252921875
2 0.7058020833333334 0.3353515625 0.21347916666666666 0.38992187500000003
2 0.7053333333333334 0.18313281250000002 0.19704166666666667 0.216828125
2 0.6144479166666666 0.1815234375 0.13647916666666668 0.147609375
2 0.5752708333333333 0.162421875 0.09258333333333332 0.1125
2 0.5950833333333333 0.10440624999999999 0.06729166666666667 0.0731875
2 0.3096875 0.29610156249999997 0.12175 0.405453125
2 0.41160416666666666 0.1355234375 0.0735 0.066453125
2 0.5112187499999999 0.127109375 0.07831250000000001 0.14971874999999998
2 0.5817916666666666 0.09426562499999999 0.03829166666666666 0.04496875
2 0.8125 0.17265625 0.37083333333333335 0.2390625