0 0.399703125 0.8209895833333333 0.0721875 0.0989375
0 0.12457812500000001 0.8302604166666667 0.05284375 0.09547916666666666
2 0.7087421875 0.7570625000000001 0.065046875 0.158
2 0.41571875 0.7800312500000001 0.08621875 0.0979375
2 0.40481249999999996 0.69090625 0.041875 0.033479166666666664
2 0.4606171874999999 0.6983229166666667 0.052390625 0.0614375
2 0.2296328125 0.7129687499999999 0.074109375 0.13027083333333334
2 0.10340625 0.6988333333333333 0.03325 0.09208333333333334
2 0.13572656249999998 0.6879270833333333 0.041015625 0.06431250000000001
2 0.040140625 0.8028854166666667 0.07734375 0.16264583333333332
2 0.036953124999999996 0.7086875 0.04084375 0.06970833333333333
0 0.03621875 0.8338854166666666 0.06890625 0.10239583333333332
1 0.06346875 0.8295104166666666 0.0558125 0.07122916666666666
2 0.3755703125 0.6915416666666666 0.020765625 0.07866666666666666
2 0.43084375 0.6892395833333335 0.015437500000000002 0.03352083333333333
2 0.4205078125 0.6858645833333333 0.012140624999999999 0.018604166666666665
0 0.45632031250000005 0.82278125 0.06348437500000001 0.0895625
0 0.5149140625 0.815375 0.055453125000000006 0.09704166666666666
0 0.644046875 0.8105 0.0531875 0.09704166666666666
0 0.721203125 0.80825 0.0515625 0.095
0 0.5867734375000001 0.8129375000000001 0.049171875 0.098375
0 0.1046171875 0.8276249999999999 0.065984375 0.10033333333333333
0 0.9222187500000001 0.8107291666666666 0.0541875 0.08916666666666666
0 0.9624218750000001 0.8136145833333333 0.042125 0.07564583333333334
1 0.4301640625 0.7066666666666667 0.060703125000000004 0.010916666666666667
1 0.1371640625 0.7095833333333332 0.037640625 0.008374999999999999
1 0.398765625 0.7110104166666666 0.048343750000000005 0.005229166666666666
2 0.0610390625 0.6986562499999999 0.028046875 0.050312499999999996
2 0.66015625 0.5666666666666667 0.0453125 0.39166666666666666