0 0.9155234375000001 0.7752347417840375 0.069078125 0.3090610328638498
0 0.9120078125000001 0.6277582159624413 0.070234375 0.14321596244131454
0 0.8366406249999999 0.6057746478873238 0.034937499999999996 0.10985915492957746
0 0.8609296875 0.6142957746478874 0.031515625000000005 0.12004694835680751
2 0.3253359375 0.414612676056338 0.306640625 0.8247183098591548
2 0.1574140625 0.56981220657277 0.20389062500000002 0.3333333333333333
2 0.95234375 0.8051643192488263 0.0953125 0.38967136150234744
2 0.6072890625 0.6207863849765258 0.493609375 0.6336854460093897
2 0.7860703125000001 0.5183568075117371 0.072390625 0.12356807511737089
1 0.46145312499999996 0.8413849765258216 0.9229062499999999 0.31723004694835677
1 0.918546875 0.5746361502347419 0.121875 0.035
2 0.08451562500000001 0.878650234741784 0.16603125000000002 0.13035211267605634
0 0.9833671875000001 0.5915845070422535 0.033265625 0.05443661971830986
1 0.8957734375000002 0.7472887323943661 0.069765625 0.12476525821596243