0 0.41040625 0.90546875 0.11587499999999999 0.16739583333333333
0 0.5438515625000001 0.76003125 0.10985937500000001 0.21122916666666666
1 0.33441406250000005 0.7729374999999999 0.340578125 0.44
2 0.5197031249999999 0.6160416666666666 0.1371875 0.2455
2 0.5975390624999999 0.4748020833333333 0.13760937499999998 0.25347916666666664
2 0.37092187499999996 0.8201041666666666 0.2046875 0.3597916666666666
2 0.72640625 0.5386354166666667 0.205625 0.3101041666666667
2 0.33409374999999997 0.4686458333333333 0.155 0.24716666666666667
2 0.1103984375 0.6410104166666667 0.210671875 0.48089583333333336
2 0.23342968749999998 0.52021875 0.163484375 0.28989583333333335
2 0.8609140625 0.6348229166666667 0.258890625 0.41760416666666667
1 0.6111718749999999 0.29810416666666667 0.08006250000000001 0.029125
0 0.8872343749999999 0.7594583333333332 0.2248125 0.38237499999999996
0 0.58309375 0.3569375 0.024875 0.06104166666666667
0 0.627875 0.31946875 0.02878125 0.06635416666666667