0 0.88545 0.9174875 0.2291 0.160925
1 0.36242 0.6467500000000002 0.6282000000000001 0.25505
2 0.78382 0.504125 0.40988 0.40225
2 0.18156999999999998 0.48089999999999994 0.19774 0.35055
2 0.27723000000000003 0.48638750000000003 0.09434000000000001 0.230425
2 0.5970700000000001 0.4279 0.19778 0.15825
2 0.72935 0.44405 0.09290000000000001 0.162
2 0.05607 0.71185 0.11214 0.2054
2 0.72472 0.640075 0.5505599999999999 0.6517000000000001
0 0.12478 0.63915 0.07332 0.08595000000000001
0 0.30593 0.9157500000000001 0.13090000000000002 0.1685
0 0.06147 0.8848500000000001 0.11938 0.2261
0 0.79907 0.6422374999999999 0.06054 0.044175000000000006