0 0.8275546874999999 0.593537037037037 0.11864062500000001 0.22218518518518518
1 0.49108593749999996 0.7988796296296297 0.758421875 0.40224074074074073
2 0.29903124999999997 0.6348703703703704 0.3733125 0.7020370370370371
2 0.6402421875 0.46675925925925926 0.350734375 0.42051851851851857
2 0.9509765625 0.41345370370370366 0.030671874999999998 0.0512037037037037
2 0.8663437499999999 0.5446203703703704 0.11925 0.28350000000000003
2 0.9570078125 0.5756203703703703 0.085984375 0.21938888888888888
2 0.3788359375 0.32565740740740745 0.102578125 0.30542592592592593
2 0.113078125 0.4982685185185185 0.1331875 0.26487037037037037
2 0.1649921875 0.41124074074074074 0.047578125 0.09385185185185185
2 0.21474218750000001 0.4035462962962963 0.068640625 0.11190740740740741
0 0.12171093749999999 0.5882962962962963 0.121203125 0.23729629629629628
0 0.9727812499999999 0.6216666666666667 0.04771875 0.1799259259259259
2 0.07234375 0.23162962962962963 0.08328125 0.0901111111111111
1 0.034835937500000004 0.5667685185185185 0.06967187500000001 0.20912962962962964
2 0.511921875 0.42921296296296296 0.20968749999999997 0.4036851851851852
1 0.914078125 0.49496296296296294 0.1484375 0.01485185185185185
1 0.9247890625 0.4593611111111111 0.128359375 0.07820370370370369