0 0.8443828124999999 0.6578645833333334 0.168546875 0.2584375
0 0.823796875 0.47627083333333337 0.19940625 0.10933333333333332
0 0.9055 0.3160520833333333 0.1170625 0.08572916666666666
0 0.8719453125 0.25640625 0.081421875 0.0310625
0 0.7359375 0.30840624999999994 0.04521875 0.1063125
0 0.3355078125 0.4050104166666667 0.098890625 0.23364583333333336
2 0.603375 0.4707916666666667 0.47528125 0.6045
1 0.5853046875 0.8310729166666666 0.8260156249999999 0.3108125
0 0.8177031250000001 0.33379166666666665 0.12821875 0.05229166666666667
0 0.525640625 0.42551041666666667 0.0418125 0.13597916666666665
0 0.9546171875 0.6620208333333333 0.035484375 0.24441666666666664
0 0.48592187499999995 0.28111458333333333 0.07175000000000001 0.025395833333333333
0 0.9806796875 0.6450520833333333 0.038640625 0.19518749999999999
1 0.9046171874999999 0.4504895833333334 0.190765625 0.19227083333333334
1 0.8720000000000001 0.29092708333333334 0.23159375 0.0994375
1 0.45861718749999997 0.3402604166666667 0.154546875 0.14097916666666668
1 0.085140625 0.38547916666666665 0.16559375 0.04945833333333333
0 0.5017109375000001 0.42593749999999997 0.031828125 0.11158333333333334
0 0.3698125 0.45308333333333334 0.08249999999999999 0.26279166666666665
0 0.31953125 0.509375 0.3609375 0.21041666666666667