2 0.30558593749999996 0.5155 0.31320312499999997 0.5462916666666667
2 0.16396093750000001 0.5037395833333334 0.324546875 0.9731041666666667
2 0.6279375 0.55796875 0.143375 0.2676458333333333
2 0.839609375 0.4123541666666667 0.32078125 0.4696666666666667
0 0.57990625 0.37680208333333337 0.1929375 0.0244375
0 0.97890625 0.4041666666666667 0.0421875 0.075
0 0.6182109375 0.38859375 0.115984375 0.030604166666666665
0 0.6343203125000001 0.4041458333333333 0.090015625 0.022583333333333334
1 0.5375781249999999 0.50721875 0.31684375 0.1806875
1 0.7062890625 0.43586458333333333 0.07473437499999999 0.1165625
0 0.4877187500000001 0.40272916666666664 0.186125 0.034041666666666665
0 0.7208984375 0.34436458333333336 0.146890625 0.017437499999999998
0 0.4874375000000001 0.42255208333333333 0.1935625 0.026104166666666664
0 0.4860703125 0.43763541666666667 0.197453125 0.03139583333333333
0 0.7216250000000001 0.35769791666666667 0.14659375 0.014354166666666666
0 0.7183828124999999 0.36705208333333333 0.140390625 0.0123125
0 0.7086875 0.37790624999999994 0.0880625 0.014895833333333334
1 0.6558437500000001 0.7826875 0.6883125 0.41300000000000003