2 0.5258203124999999 0.6640281030444966 0.142890625 0.5505386416861827
2 0.6686796875000002 0.7883606557377049 0.122390625 0.1901639344262295
2 0.9144609375000001 0.3780444964871194 0.054890625000000005 0.0724824355971897
0 0.033210937499999996 0.4769672131147541 0.036734375 0.044613583138173304
0 0.2818046875 0.4594145199063232 0.024890625 0.05292740046838408
0 0.23267968749999998 0.47083138173302114 0.022546875 0.03360655737704918
0 0.333203125 0.46243559718969557 0.01840625 0.04028103044496487
1 0.24230468750000003 0.4670023419203747 0.037578125000000004 0.04224824355971897
2 0.6733515625 0.4883372365339579 0.040890625 0.06056206088992974
2 0.21525781249999998 0.43617096018735363 0.018953125 0.08180327868852459
2 0.192796875 0.45517564402810307 0.01909375 0.09100702576112413
2 0.5755703125 0.4580679156908665 0.014078125 0.06362997658079626
1 0.27683593749999996 0.4700351288056206 0.018796874999999998 0.0294847775175644
1 0.34266406250000003 0.4551639344262295 0.029609375 0.010749414519906323