1 0.5367031250000001 0.6775235849056603 0.54340625 0.6044811320754717
2 0.1537421875 0.7473113207547171 0.307484375 0.5053773584905661
2 0.4513671875 0.4020283018867924 0.10892187499999999 0.27929245283018866
0 0.16450781250000002 0.6157311320754717 0.126546875 0.36405660377358495
0 0.2495546875 0.44237028301886794 0.034203125 0.11808962264150943
0 0.5974062499999999 0.31192216981132076 0.07112500000000001 0.05950471698113208
0 0.8268046874999999 0.33410377358490567 0.042640625 0.0869811320754717
0 0.94015625 0.5303419811320755 0.07890625 0.37752358490566035
0 0.8586484375000001 0.36542452830188676 0.049484375000000004 0.10816037735849056
0 0.4224453125 0.36154481132075467 0.022640625 0.037617924528301885
2 0.3111484375 0.5595518867924528 0.22032812499999999 0.45844339622641506
2 0.602140625 0.3310141509433962 0.10528124999999999 0.1469811320754717
2 0.403328125 0.4791155660377358 0.1253125 0.28808962264150945
2 0.68146875 0.37005896226415097 0.04846875 0.17950471698113207
2 0.742296875 0.44752358490566035 0.08803125 0.3355188679245283
2 0.8043359375 0.6378419811320755 0.24476562500000001 0.5277122641509434
0 0.89690625 0.7712853773584906 0.20618750000000002 0.45285377358490564
2 0.6605078125 0.3154009433962265 0.037078125 0.08514150943396227