0 0.563515625 0.7297222222222223 0.103375 0.09236111111111112
0 0.46539843750000004 0.6968749999999999 0.081609375 0.07506944444444445
1 0.33978125 0.7662847222222222 0.57640625 0.46743055555555557
2 0.571515625 0.5488368055555556 0.0899375 0.4701736111111111
2 0.5358671875 0.4481597222222222 0.045328125000000004 0.2627083333333333
2 0.45050781250000005 0.4809027777777778 0.087984375 0.3820138888888889
2 0.354359375 0.4644097222222222 0.03625 0.29305555555555557
2 0.24156249999999999 0.4269791666666667 0.06609374999999999 0.34520833333333334
2 0.14258593749999998 0.44718749999999996 0.054609375 0.26965277777777774
0 0.2923515625 0.5787673611111112 0.056578125 0.1323263888888889
2 0.6844062500000001 0.6557118055555555 0.13021875 0.29996527777777776
2 0.501671875 0.5230034722222222 0.0405625 0.16399305555555554
0 0.3692578125 0.6452951388888889 0.08154687499999999 0.07690972222222221
0 0.054296875 0.8807291666666666 0.10859375 0.17090277777777776
0 0.06328125 0.9600694444444444 0.1265625 0.0798611111111111
0 0.312890625 0.5539930555555556 0.076875 0.1909722222222222
0 0.8292890625 0.9285590277777778 0.07129687500000001 0.10649305555555556
0 0.742078125 0.8088194444444444 0.19078124999999999 0.3821527777777778
2 0.7652109375 0.7671527777777778 0.077390625 0.28694444444444445
2 0.08134375 0.5401041666666667 0.06828125 0.17159722222222223
2 0.2858359375 0.3924826388888889 0.031265625000000005 0.15385416666666668
2 0.3115625 0.37623263888888886 0.033375 0.18163194444444444