0 0.1935546875 0.589564705882353 0.086359375 0.31390588235294115
1 0.5573671875 0.8056235294117646 0.595421875 0.36178823529411763
2 0.37 0.5482117647058824 0.31415625 0.7735529411764706
2 0.528703125 0.40275294117647054 0.16143749999999998 0.5555294117647058
2 0.7433984375 0.5219764705882353 0.403390625 0.9560470588235294
2 0.034328124999999994 0.5298470588235294 0.06446874999999999 0.18731764705882353
2 0.9632578125 0.5057647058823529 0.070140625 0.4719058823529412
1 0.05971875 0.7570117647058824 0.11584375 0.1963764705882353
2 0.4140703125 0.48091764705882356 0.16498437500000002 0.6270117647058824
2 0.6247109375000001 0.38395294117647055 0.242671875 0.5308705882352941
0 0.10196093749999999 0.5739176470588235 0.11014062499999999 0.26491764705882354