1 0.5646015624999999 0.8359583333333334 0.866296875 0.32358333333333333
1 0.7612734375 0.3953645833333333 0.102734375 0.1718125
1 0.45790625 0.3123020833333333 0.06721875000000001 0.015979166666666666
2 0.3220078125 0.5247395833333334 0.45707812499999995 0.9193541666666667
2 0.5165625 0.2982916666666667 0.0721875 0.12795833333333334
2 0.7071328125 0.3106666666666667 0.091109375 0.171875
1 0.51146875 0.37753125 0.15496875000000002 0.03760416666666667
2 0.8335000000000001 0.35215625 0.12234375 0.25577083333333334
0 0.6458984375 0.44909375 0.058234375000000005 0.1960625
0 0.8517421875 0.4168333333333333 0.111453125 0.16175
0 0.709515625 0.42336458333333327 0.08149999999999999 0.1751875
0 0.55384375 0.37078125 0.03775 0.12197916666666667
0 0.5746484374999999 0.5040416666666666 0.09667187499999999 0.25779166666666664
0 0.660390625 0.3380625 0.0204375 0.03704166666666667
0 0.9858984375000001 0.6072395833333333 0.028203125000000002 0.16802083333333334
0 0.7448515625000001 0.6230729166666666 0.247609375 0.15602083333333333
0 0.407203125 0.33831249999999996 0.049375 0.051958333333333336
2 0.43638281249999994 0.31836458333333334 0.07520312500000001 0.08927083333333334