0 0.32282031250000004 0.5956088992974239 0.089046875 0.3220374707259953
0 0.360921875 0.36648711943793916 0.07890625 0.21199063231850115
0 0.24046875 0.5607728337236533 0.02028125 0.10543325526932085
0 0.9808125000000001 0.8497423887587823 0.038375 0.14857142857142858
0 0.45928125 0.309344262295082 0.02640625 0.15512880562060888
1 0.5903828125 0.7161358313817331 0.8102656250000001 0.5440281030444966
2 0.28036718749999995 0.6280913348946136 0.392828125 0.7213348946135831
2 0.1119375 0.31340749414519903 0.1134375 0.28634660421545666
2 0.4933828125 0.21015222482435597 0.040234375 0.05960187353629976
1 0.0404375 0.37210772833723654 0.080875 0.16608899297423887
0 0.084375 0.8067915690866511 0.0640625 0.3864168618266979
0 0.48121875000000003 0.292423887587822 0.02296875 0.13721311475409836
1 0.333765625 0.32586651053864163 0.1746875 0.1386182669789227
1 0.0216640625 0.6844145199063232 0.039859375 0.26231850117096017
1 0.4067109374999999 0.24179156908665106 0.152046875 0.03707259953161592
1 0.5226484375 0.24606557377049182 0.059015625 0.01953161592505855
1 0.5606796875 0.3024824355971897 0.041390625 0.07166276346604215
2 0.8896015625 0.588887587822014 0.220796875 0.5259250585480093
1 0.5530703125 0.2644379391100703 0.055203125 0.021850117096018737