0 0.7692812499999999 0.8081967213114754 0.09203125 0.3642154566744731
0 0.20367968750000004 0.718407494145199 0.19442187500000002 0.1628103044496487
0 0.303125 0.8900936768149883 0.18103125 0.1438407494145199
0 0.6330234375 0.7883957845433255 0.055859375 0.23978922716627635
1 0.4544921875 0.724847775175644 0.363859375 0.23039812646370023
2 0.234109375 0.7936182669789227 0.45925000000000005 0.3856440281030445
2 0.4913046875 0.5470140515222482 0.11960937499999999 0.23337236533957847
2 0.6814296875 0.6865105386416861 0.178421875 0.595503512880562
2 0.91484375 0.6791569086651054 0.1703125 0.6159250585480094
0 0.8729765625000001 0.8425292740046838 0.046484375 0.3122716627634661
2 0.32888281249999995 0.5667096018735364 0.163203125 0.5589461358313818
2 0.3986640625 0.8276112412177986 0.49217187500000004 0.3273536299765808