1 0.5505859375 0.6388229166666667 0.635296875 0.6611875
2 0.2353359375 0.5111145833333334 0.186765625 0.5545208333333334
2 0.6410937500000001 0.3485416666666667 0.1760625 0.3257083333333333
2 0.7457265625 0.45043749999999994 0.25798437500000004 0.40554166666666663
2 0.8112578125000001 0.6050520833333333 0.377484375 0.7898958333333332
2 0.3311796875 0.3876354166666667 0.183703125 0.37977083333333334
2 0.38692187499999997 0.29003125 0.04725 0.13772916666666665
2 0.36062500000000003 0.33596875 0.12203125 0.2036875
2 0.5756484375 0.29971875000000003 0.07573437499999999 0.20835416666666667
2 0.4013046875 0.25409375 0.037046875 0.1128125
2 0.7980625 0.29128125 0.039218750000000004 0.13047916666666667
0 0.12971875 0.28559375 0.049625 0.06339583333333333
2 0.1567421875 0.6370833333333332 0.306734375 0.6988749999999999
2 0.6326953124999999 0.3152708333333333 0.053578125 0.192125
0 0.88109375 0.44107291666666665 0.02309375 0.034895833333333334
0 0.1683828125 0.25415625000000003 0.023234374999999998 0.04047916666666666
0 0.036828125 0.29209375 0.03590625 0.022020833333333333
2 0.058882812500000006 0.27803125 0.115890625 0.1289375
1 0.0298203125 0.37928125 0.033171875 0.03160416666666667