1 0.5015 0.74396875 0.997 0.48987499999999995
2 0.6484687499999999 0.216875 0.10502083333333333 0.10134375
2 0.7256250000000001 0.20832812499999998 0.16529166666666667 0.12334375
2 0.7500729166666666 0.19932031249999999 0.07639583333333334 0.065484375
2 0.6203645833333334 0.21253906250000001 0.08822916666666666 0.110578125
0 0.8368645833333334 0.45519531250000006 0.20810416666666667 0.165609375
0 0.7357395833333332 0.28645312500000003 0.4308125 0.4876875
0 0.24775 0.30670312499999997 0.111375 0.17293750000000002
0 0.07432291666666666 0.3451640625 0.1486458333333333 0.221046875
0 0.6469479166666666 0.24631250000000002 0.07927083333333333 0.04725
0 0.028614583333333332 0.4035703125 0.05689583333333333 0.27995312499999997
1 0.15301041666666665 0.3242265625 0.13939583333333333 0.152953125
2 0.12307291666666667 0.1677109375 0.034895833333333334 0.021140625
2 0.026625 0.169734375 0.05325 0.05240625
0 0.7721041666666666 0.424125 0.29383333333333334 0.22368749999999998
0 0.9374895833333333 0.33134375 0.10289583333333334 0.11909375
0 0.09640625 0.2624140625 0.09672916666666667 0.080578125
2 0.6978854166666667 0.1804375 0.03802083333333333 0.060875
0 0.3252916666666667 0.27175781250000003 0.06170833333333334 0.110328125