0 0.0839609375 0.2801680672268908 0.084734375 0.09956302521008403
2 0.20949218749999998 0.5899075630252101 0.41898437499999996 0.7914789915966387
0 0.848078125 0.3093529411764706 0.12428125000000001 0.06257142857142857
2 0.726140625 0.49324369747899155 0.54771875 0.9639663865546217
2 0.26353906250000003 0.0852268907563025 0.074390625 0.16766386554621848
2 0.53059375 0.1929579831932773 0.042375 0.08420168067226891
2 0.865484375 0.07989915966386553 0.04115625 0.07717647058823529
2 0.152515625 0.11910084033613444 0.1713125 0.17978151260504202
2 0.30870312499999997 0.03521848739495798 0.02225 0.03221848739495799
2 0.29116406249999993 0.04590756302521008 0.035515625 0.04926050420168067
2 0.9730390625 0.10858823529411765 0.048953125 0.1397310924369748
1 0.5003203125000001 0.46565546218487397 0.999359375 0.28169747899159664
2 0.36734374999999997 0.087109243697479 0.07128124999999999 0.16668907563025212
2 0.5004140625 0.0477983193277311 0.017078125 0.0438655462184874