1 0.5 0.8141217798594848 1 0.37175644028103044
2 0.489515625 0.38583138173302106 0.4063125 0.7595316159250586
2 0.7440625 0.23846604215456677 0.09403125 0.1543559718969555
2 0.5589921875 0.27362997658079624 0.061578125 0.08065573770491803
2 0.7170234375 0.20423887587822012 0.017796875 0.02224824355971897
0 0.7812109375 0.3491569086651054 0.051171875 0.06557377049180328
0 0.663234375 0.3500819672131148 0.12378125 0.06377049180327869
0 0.92421875 0.572599531615925 0.1515625 0.3559718969555035
0 0.5127656249999999 0.573032786885246 0.6596875 0.3910304449648712
0 0.7396953125 0.3494496487119438 0.031859375 0.061943793911007024
0 0.8657656249999999 0.35701405152224824 0.0673125 0.040960187353629975
0 0.8417187499999998 0.3525058548009367 0.06999999999999999 0.051007025761124127