0 0.7260390624999999 0.5624299065420562 0.159390625 0.1666822429906542
1 0.5007499999999999 0.8145327102803739 0.9984999999999999 0.3400467289719626
2 0.44426562500000005 0.3718691588785047 0.4559375 0.6641588785046729
2 0.9643671875 0.4022663551401869 0.070390625 0.1853271028037383
2 0.814125 0.3826869158878505 0.0781875 0.10018691588785048
2 0.6350546875 0.40382009345794395 0.086078125 0.13072429906542057
2 0.737984375 0.43172897196261684 0.1516875 0.16649532710280376
2 0.6598984375 0.4077920560747664 0.027203125 0.032266355140186914
2 0.7873125 0.3793691588785047 0.009125 0.020467289719626167
2 0.6980937500000001 0.4094275700934579 0.062375 0.09539719626168223
2 0.8568750000000002 0.3850934579439253 0.0225 0.04579439252336449
0 0.908203125 0.5699299065420561 0.18359375 0.1730373831775701
2 0.7544921875 0.34349299065420563 0.038703125 0.03703271028037383
2 0.931703125 0.37776869158878507 0.0305625 0.05422897196261683
2 0.8714140624999999 0.4277102803738318 0.166171875 0.25018691588785047
1 0.815625 0.48130841121495327 0.36875 0.06074766355140187