1 0.5978125000000001 0.5716354166666666 0.68440625 0.3497708333333333
2 0.16507031249999998 0.5853333333333333 0.326859375 0.8293333333333333
0 0.489546875 0.37014583333333334 0.03340625 0.08904166666666667
2 0.2736328125 0.36637499999999995 0.151703125 0.177125
2 0.594234375 0.3321354166666667 0.07375000000000001 0.24131249999999999
2 0.6735625000000001 0.34970833333333334 0.15190625 0.29137500000000005
2 0.8778984374999999 0.35272916666666665 0.244203125 0.33425
2 0.10516406250000002 0.5561770833333333 0.20720312500000002 0.8876458333333334
2 0.8126093750000001 0.27940625 0.053125 0.09397916666666667
1 0.605578125 0.6658541666666667 0.7888437500000001 0.6682916666666666
1 0.7648359375 0.33769791666666665 0.14054687500000002 0.0454375
2 0.9654999999999999 0.29772916666666666 0.06775 0.15283333333333332
1 0.605296875 0.6527083333333332 0.7894062500000001 0.6699583333333333