0 0.3982421875 0.7726388888888889 0.13214062499999998 0.2068888888888889
0 0.6275 0.905513888888889 0.17859375 0.16630555555555554
0 0.30489062499999997 0.9154027777777778 0.20615624999999999 0.14025
0 0.604 0.8286805555555555 0.15562499999999999 0.15325
0 0.5733828125 0.7101527777777777 0.102828125 0.10375000000000001
1 0.48706250000000006 0.7423611111111112 0.23293750000000002 0.08705555555555555
1 0.44536718749999993 0.94 0.39045312499999996 0.09177777777777778
2 0.8021093750000002 0.6579305555555556 0.09590625 0.6841388888888889
2 0.4779453125 0.4043472222222222 0.060578125000000003 0.1485277777777778
2 0.43 0.4252083333333333 0.0405 0.13230555555555557
2 0.3486640625 0.5970694444444444 0.06754687499999999 0.5186944444444445
2 0.682234375 0.6689583333333334 0.11775 0.6620833333333334
2 0.6103124999999999 0.5451666666666667 0.08775 0.3559444444444444
2 0.5351953125 0.5325138888888888 0.056484374999999996 0.36725
2 0.4494140625 0.5445416666666667 0.167515625 0.36374999999999996
2 0.7240546875 0.4670694444444445 0.032078125 0.1341388888888889
2 0.15816406249999998 0.6447083333333333 0.18660937500000002 0.6776388888888889
2 0.2436171875 0.6399027777777778 0.199390625 0.6924722222222222
2 0.064609375 0.5479305555555556 0.0635625 0.5008611111111111
1 0.8545468749999999 0.7335277777777778 0.078875 0.22005555555555556