0 0.2914533333333334 0.8594 0.1821066666666667 0.15788
0 0.7029466666666667 0.77598 0.17901333333333333 0.15336000000000002
0 0.8766533333333334 0.74202 0.1932 0.11876
0 0.1890133333333333 0.12346000000000001 0.10442666666666665 0.13612
0 0.30876000000000003 0.09756000000000001 0.08146666666666667 0.09348000000000001
0 0.2224 0.06676 0.057866666666666663 0.13108
1 0.13125333333333333 0.09658 0.15344 0.17148
2 0.3624 0.5583400000000001 0.35072000000000003 0.17728
2 0.83928 0.62435 0.21696 0.16134
2 0.9340266666666667 0.46144999999999997 0.13194666666666666 0.2839
2 0.7424133333333333 0.62707 0.11384 0.17546
2 0.7051866666666666 0.46767000000000003 0.09895999999999999 0.16390000000000002
2 0.18053333333333335 0.38195000000000007 0.25562666666666667 0.14018
2 0.34932 0.21277 0.12536 0.1151
2 0.79696 0.49654 0.12586666666666668 0.10552
0 0.07917333333333333 0.77888 0.15834666666666666 0.15156
0 0.056346666666666656 0.35875 0.08154666666666666 0.11934
2 0.5736133333333333 0.39767 0.14808 0.26338
2 0.25294666666666665 0.26374000000000003 0.09352 0.13332
2 0.16110666666666668 0.26543 0.1204 0.14393999999999998