0 0.49068749999999994 0.7982552693208431 0.285625 0.4034894613583138
0 0.304390625 0.7618501170960187 0.1515625 0.4762997658079625
0 0.21277343750000002 0.7114754098360655 0.103296875 0.48201405152224824
1 0.49106249999999996 0.7095901639344262 0.8328749999999999 0.5771662763466042
0 0.1509296875 0.6413114754098361 0.064328125 0.3971428571428572
0 0.5956250000000001 0.5287822014051523 0.09796875000000001 0.08046838407494145
0 0.1986015625 0.44789227166276346 0.08395312499999999 0.08646370023419205
0 0.936296875 0.86403981264637 0.12740625 0.24494145199063233
2 0.8229531250000001 0.45659250585480093 0.21115625 0.6030210772833724
0 0.6032109375 0.4711709601873536 0.055515625 0.05803278688524591
0 0.4401328125 0.47792740046838406 0.060953125 0.06995316159250586
0 0.745765625 0.6198946135831381 0.14159375000000002 0.18517564402810302