2 0.5974765625 0.5344583333333334 0.38932812499999997 0.912375
0 0.345203125 0.39076041666666667 0.05903125 0.12160416666666667
0 0.0197421875 0.4033333333333333 0.035953125 0.0315
1 0.1664921875 0.44937499999999997 0.152453125 0.11616666666666667
2 0.07584375 0.40157291666666667 0.07078124999999999 0.3011041666666667
2 0.776984375 0.23711458333333335 0.01975 0.03135416666666667
2 0.8080937499999999 0.24073958333333334 0.017374999999999998 0.0474375
2 0.752640625 0.24592708333333332 0.029906250000000002 0.05389583333333334
2 0.13389062499999999 0.3768229166666667 0.0831875 0.2593125
2 0.63796875 0.2300208333333333 0.02521875 0.04754166666666667
2 0.9201796875000001 0.2469166666666667 0.017421875 0.07854166666666668
2 0.0235234375 0.5104270833333333 0.047046875 0.2088125
2 0.7627890625 0.23925000000000002 0.009765625 0.02654166666666667
2 0.697265625 0.2763333333333334 0.0478125 0.10333333333333333