1 0.322125 0.7348221757322175 0.64425 0.2787238493723849
1 0.9450859375 0.7987133891213388 0.10801562499999999 0.20169456066945607
1 0.7426796875 0.5382112970711297 0.09567187499999999 0.2269665271966527
2 0.5085468750000001 0.711234309623431 0.38265625000000003 0.5460669456066946
2 0.5801015625000001 0.4341631799163179 0.23723437500000003 0.2286192468619247
2 0.9121953125 0.6832949790794979 0.169515625 0.6022384937238494
2 0.844109375 0.4377405857740586 0.1365625 0.19769874476987448
2 0.3096640625 0.5157322175732217 0.135953125 0.2764016736401674
2 0.17166406250000002 0.5371443514644352 0.159890625 0.2807740585774059
2 0.9290078125000001 0.4096234309623431 0.078734375 0.14527196652719665
2 0.9204140625000001 0.30877615062761504 0.10995312500000001 0.15119246861924684
2 0.7848359375000001 0.3805439330543933 0.119046875 0.12778242677824267
0 0.47786718750000007 0.8553765690376569 0.221015625 0.2892468619246862
0 0.22825781250000002 0.8415690376569038 0.228265625 0.29439330543933057
0 0.05242187499999999 0.5685146443514645 0.10393749999999999 0.15937238493723851
0 0.832015625 0.7559728033472802 0.09246875 0.4621548117154812
0 0.6577656249999999 0.37422594142259413 0.04415625 0.07246861924686193
0 0.72196875 0.4918933054393305 0.060812500000000005 0.22056485355648536
1 0.80278125 0.5774058577405857 0.07715625000000001 0.09158995815899582
2 0.7802265625 0.32878661087866107 0.048078125 0.07426778242677824
2 0.79915625 0.3252510460251046 0.0755625 0.0604602510460251
2 0.09953124999999999 0.8413807531380754 0.19803125 0.3172384937238493
2 0.43082031249999997 0.37319037656903764 0.110421875 0.1446234309623431
2 0.64921875 0.36297071129707115 0.6953125 0.15690376569037656