0 0.6181406250000001 0.33309623430962343 0.04625 0.0703765690376569
0 0.38409375 0.47353556485355647 0.0453125 0.1477824267782427
0 0.37590625 0.3606694560669456 0.03128125 0.11782426778242677
0 0.597953125 0.2765062761506277 0.050249999999999996 0.09832635983263599
0 0.570359375 0.24725941422594142 0.034687499999999996 0.042635983263598326
0 0.34165625 0.4864435146443515 0.032875 0.09531380753138076
1 0.330640625 0.7288702928870292 0.66128125 0.5422594142259414
2 0.1783046875 0.36035564853556484 0.356609375 0.511255230125523
2 0.3197265625 0.2426987447698745 0.162796875 0.44493723849372385
2 0.5236562499999999 0.37459205020920505 0.29874999999999996 0.35956066945606696
2 0.7544296875000001 0.5 0.491140625 0.9868200836820084
0 0.6336484375 0.2435355648535565 0.033609375000000004 0.031297071129707116
0 0.686765625 0.3450836820083682 0.055218750000000004 0.0685774058577406
1 0.6492578124999999 0.4053556485355648 0.097359375 0.09937238493723849
1 0.728484375 0.3044142259414226 0.0920625 0.06903765690376569
1 0.6055546875 0.28202928870292887 0.068921875 0.05485355648535565
0 0.7293125 0.27753138075313805 0.11178125000000001 0.09108786610878661
0 0.39431249999999995 0.35003138075313805 0.03128125 0.0844979079497908
0 0.6823359375 0.4328033472803347 0.035359375 0.07799163179916319
2 0.38115625 0.2522594142259414 0.05565625 0.10799163179916317