0 0.0819609375 0.8662962962962962 0.163921875 0.2674074074074074
0 0.460453125 0.9232651072124756 0.112125 0.15346978557504873
0 0.9052890625 0.9317348927875243 0.076890625 0.13653021442495128
2 0.32153125 0.7067446393762183 0.3404375 0.5640545808966861
2 0.5421796875 0.41123781676413257 0.262984375 0.5483235867446394
2 0.8646171875 0.3193664717348928 0.270765625 0.39222222222222225
2 0.102671875 0.558421052631579 0.20534375 0.8426900584795322
2 0.8383828125000001 0.6341520467836257 0.323234375 0.34569200779727094
2 0.73671875 0.7932553606237817 0.48274999999999996 0.41348927875243663
2 0.1345703125 0.49725146198830406 0.155140625 0.7305653021442494
0 0.5992421875 0.9407992202729045 0.042578125 0.0839766081871345
1 0.57421875 0.7732066276803119 0.32775 0.2623586744639376
2 0.5855 0.5474853801169591 0.23290625 0.28830409356725145