0 0.7349062500000001 0.5125520833333334 0.04059375 0.1120625
1 0.5008437499999999 0.7714479166666666 0.9983124999999999 0.4333958333333333
2 0.3353046875 0.43693750000000003 0.23142187500000003 0.4527083333333334
2 0.1150390625 0.363875 0.230078125 0.3998333333333333
2 0.830671875 0.5603958333333333 0.31253125000000004 0.5532916666666666
2 0.7769687500000001 0.42584375 0.094375 0.4741458333333333
2 0.8708828125 0.38059375 0.10410937499999999 0.39764583333333337
2 0.6734453125 0.28392708333333333 0.048765625 0.1043125
2 0.225109375 0.30146874999999995 0.07003125 0.07602083333333334
2 0.035898437500000005 0.29302083333333334 0.046109375 0.06295833333333332
2 0.16801562500000003 0.30712500000000004 0.039875 0.041625
2 0.1985703125 0.3101145833333333 0.027140625 0.04927083333333333
2 0.4597421875 0.30296875 0.050296875 0.11272916666666667
2 0.5880234375000001 0.47156250000000005 0.289421875 0.529375