2 0.8590937499999999 0.5033723653395784 0.278875 0.5707728337236534
2 0.607078125 0.44256440281030446 0.22240625 0.5112646370023419
2 0.360578125 0.45393442622950814 0.253375 0.49437939110070256
2 0.14842968750000002 0.24495316159250585 0.077953125 0.04943793911007026
0 0.0487890625 0.5196252927400469 0.097578125 0.11035128805620609
0 0.7308671875 0.46599531615925055 0.097109375 0.0935831381733021
0 0.697 0.4144730679156909 0.025968750000000002 0.01882903981264637
0 0.7885078125 0.41750585480093677 0.023328124999999998 0.028079625292740048
0 0.7737890625 0.4120725995316159 0.015359375 0.03370023419203747
1 0.49926562499999994 0.8352693208430914 0.9985312499999999 0.2876346604215457
2 0.1349375 0.5651756440281032 0.26387499999999997 0.5910070257611242
2 0.48312499999999997 0.328864168618267 0.13803125 0.32494145199063235
0 0.75634375 0.41033957845433255 0.01953125 0.028407494145199066