2 0.319359375 0.3687677053824363 0.12825 0.3069971671388102
2 0.6934843749999999 0.3494334277620396 0.132625 0.451671388101983
2 0.634890625 0.25579320113314447 0.203625 0.5115864022662889
2 0.5474453125000001 0.26542492917847027 0.179046875 0.47226628895184136
2 0.5267187499999999 0.8164447592067988 0.22112500000000002 0.3423512747875354
2 0.6897421874999999 0.7945750708215298 0.272390625 0.4108498583569405
2 0.23083593749999998 0.4295609065155807 0.10110937499999999 0.2931161473087819
2 0.07375000000000001 0.5333286118980171 0.14253125 0.46518413597733715
2 0.2138203125 0.21065155807365438 0.164796875 0.42130311614730875
2 0.777140625 0.5696600566572239 0.14378125 0.3932577903682719
0 0.8674140625 0.7688526912181303 0.18451562500000002 0.46229461756373935
0 0.15365625 0.5188810198300284 0.079 0.21946175637393767
0 0.44281249999999994 0.4148583569405099 0.06253125000000001 0.1367988668555241
1 0.3580625 0.7006798866855524 0.716125 0.5986402266288952
2 0.8904296875 0.5808923512747876 0.219140625 0.8382152974504249
0 0.7471171875 0.8619121813031161 0.116046875 0.2545325779036827