0 0.8793046875 0.775859375 0.17585937499999998 0.4245703125
1 0.5708046875 0.58150390625 0.20217187499999997 0.1452734375
2 0.703515625 0.5402734375 0.39021875 0.529296875
2 0.860625 0.49740234375000003 0.182125 0.4461328125
2 0.94803125 0.309189453125 0.10393749999999999 0.45744140625
2 0.3946640625000001 0.212255859375 0.121296875 0.22791015625
2 0.41515625 0.378125 0.08890624999999999 0.1689453125
2 0.3876875 0.397041015625 0.15503125 0.21603515625
2 0.3244375 0.36500976562500004 0.03265625 0.16806640625
2 0.48685156249999995 0.3658984375 0.077765625 0.188125
2 0.97190625 0.352802734375 0.0561875 0.37302734375
2 0.6337890625 0.300576171875 0.031609375 0.11134765625
2 0.7406406249999999 0.240185546875 0.07228124999999999 0.11939453125
2 0.7530234375 0.34095703125 0.096109375 0.1746875