0 0.7711171875 0.84121875 0.140203125 0.29731250000000004
0 0.6051484375 0.5377708333333333 0.063203125 0.14950000000000002
0 0.6821875000000001 0.54003125 0.06875 0.1478958333333333
0 0.77609375 0.5433229166666667 0.066 0.1499375
1 0.9140625 0.8291666666666667 0.171875 0.13333333333333333
2 0.8337343749999999 0.41690625000000003 0.05953125 0.07935416666666667
0 0.5246406250000001 0.5242083333333334 0.06065625 0.14754166666666665
0 0.548984375 0.4725520833333333 0.02678125 0.030520833333333334
0 0.7531953125 0.48742708333333334 0.042109375 0.07697916666666667
0 0.693421875 0.47159375000000003 0.044375 0.04727083333333334
0 0.9489687499999999 0.51171875 0.02590625 0.09747916666666666
0 0.9841093749999998 0.4623541666666666 0.03178125 0.042625
0 0.8425312500000001 0.4736875 0.031093749999999996 0.04225
0 0.8570703125 0.5424062500000001 0.059421875 0.14072916666666666
1 0.7065312499999999 0.5005000000000001 0.32546875000000003 0.03795833333333333
1 0.9832421874999999 0.5025104166666666 0.029671874999999997 0.034687499999999996
2 0.9533437499999999 0.46287500000000004 0.03275 0.067375
0 0.8728515625 0.46047916666666666 0.020828125 0.03491666666666667