2 0.50225 0.5056145833333333 0.6235937500000001 0.9483125
0 0.8019609375 0.51928125 0.037546875 0.1194375
0 0.796328125 0.4078541666666667 0.017343749999999998 0.024874999999999998
1 0.385984375 0.9763541666666667 0.65709375 0.02704166666666667
1 0.7831484375 0.6204895833333333 0.115265625 0.15497916666666667
0 0.9040546875000001 0.5365520833333334 0.058671875 0.19822916666666668
0 0.13196093750000001 0.6611666666666666 0.11170312499999999 0.30483333333333335
0 0.23513281249999998 0.475375 0.050234375 0.01954166666666667
0 0.19921875 0.6080729166666666 0.078125 0.2526041666666667
0 0.0185078125 0.6212916666666666 0.037015625 0.08570833333333333
0 0.8207421874999999 0.5003645833333333 0.023765625000000002 0.12022916666666666