0 0.09031249999999999 0.6766784037558685 0.18062499999999998 0.31406103286384973
0 0.5347421875000001 0.2292136150234742 0.031421875 0.05842723004694836
0 0.62265625 0.45859154929577467 0.07296875 0.1630985915492958
0 0.2395546875 0.6063028169014084 0.100421875 0.25392018779342723
1 0.4462578125 0.7590258215962442 0.658109375 0.45823943661971833
1 0.1278203125 0.44302816901408454 0.098828125 0.0792018779342723
2 0.9392890625 0.3347300469483568 0.098578125 0.21199530516431925
2 0.7126718750000001 0.2465962441314554 0.18225 0.330281690140845
2 0.08347656249999999 0.5210563380281691 0.16695312499999998 0.443849765258216
2 0.181984375 0.4724530516431925 0.1256875 0.4240610328638498
2 0.50878125 0.16703051643192487 0.03209375 0.08504694835680751
2 0.36048437499999997 0.4550586854460094 0.2483125 0.7213380281690142
2 0.770734375 0.5550469483568075 0.45853124999999995 0.8674178403755868
2 0.1152578125 0.313943661971831 0.08139062500000001 0.1956338028169014
2 0.15328906250000002 0.22704225352112675 0.039203125 0.0896244131455399
2 0.2078671875 0.2708333333333333 0.078078125 0.11030516431924883
0 0.507296875 0.26360328638497654 0.0221875 0.13204225352112675
2 0.8822890625000002 0.20854460093896715 0.084578125 0.25183098591549297
2 0.2357578125 0.21943661971830983 0.059109375 0.09643192488262911
2 0.5331640625000001 0.21724178403755864 0.058015625 0.1689906103286385
2 0.49921875 0.30633802816901406 0.9984375 0.44366197183098594