0 0.8333671875 0.737964705882353 0.069953125 0.1904235294117647
0 0.8482109375 0.8760117647058824 0.052609375 0.2227058823529412
0 0.8769453125 0.6484 0.034484375 0.11614117647058823
0 0.8932421875 0.726835294117647 0.088265625 0.22825882352941176
0 0.7393515625 0.9644352941176471 0.097796875 0.07112941176470589
1 0.5082187499999999 0.8735058823529412 0.3723125 0.2528941176470588
2 0.2523359375 0.6469529411764705 0.055859375 0.16237647058823532
2 0.53825 0.6168588235294118 0.084875 0.1748941176470588
2 0.21040625 0.596835294117647 0.0729375 0.12303529411764706
2 0.028664062500000004 0.6721529411764705 0.054390625000000005 0.2151294117647059
2 0.07079687500000001 0.5763411764705882 0.0211875 0.0644
2 0.73265625 0.5467411764705883 0.029031249999999998 0.057905882352941175
2 0.2788671875 0.6932 0.105296875 0.22249411764705884
0 0.8736640625 0.6037411764705883 0.035953125 0.05548235294117647
0 0.9164140625 0.6343176470588234 0.051265625 0.13776470588235293
1 0.20143750000000002 0.6903882352941177 0.063 0.12261176470588235
2 0.293734375 0.5415647058823528 0.0323125 0.05371764705882352
2 0.345828125 0.5522823529411764 0.02853125 0.04324705882352941
2 0.51025 0.5565882352941176 0.04928125 0.07185882352941177
2 0.460546875 0.577764705882353 0.06 0.08258823529411766
1 0.4111718750000001 0.6485764705882354 0.0225625 0.08552941176470588
2 0.5269375000000001 0.5337529411764707 0.015062500000000001 0.04270588235294117
0 0.9322421875 0.5641058823529411 0.015953125000000002 0.06524705882352941
2 0.4469609375 0.681670588235294 0.135890625 0.18428235294117645
1 0.5042890625 0.6222705882352942 0.043828125 0.08068235294117647
1 0.7955859375 0.6763764705882352 0.064515625 0.07232941176470588
2 0.47890625 0.7294117647058823 0.9578125 0.5364705882352941