0 0.5979765625 0.9569166666666666 0.047734375 0.08616666666666667
1 0.76303125 0.9228749999999999 0.26990625 0.13452777777777777
2 0.5317812500000001 0.8056250000000001 0.0193125 0.1606388888888889
0 0.8446796875 0.9130138888888889 0.039546874999999995 0.07197222222222223
0 0.92975 0.9574722222222222 0.03665625 0.08483333333333333
0 0.592890625 0.9219583333333332 0.0345625 0.07375
0 0.604390625 0.8870833333333334 0.02975 0.06894444444444445
0 0.8154375 0.8860833333333333 0.02971875 0.05277777777777778
0 0.5419765624999999 0.85275 0.019796875 0.06944444444444445
0 0.566875 0.8369722222222222 0.016968749999999998 0.07138888888888889
2 0.5576015625 0.7602777777777777 0.037484375 0.08311111111111112
0 0.5474921875000001 0.82375 0.013015625 0.06355555555555556
0 0.8766015625 0.8828611111111111 0.023984375 0.09316666666666666