2 0.4599218749999999 0.49204166666666665 0.9164687499999999 0.9753333333333334
0 0.7205078125 0.3303333333333333 0.241015625 0.33708333333333335
1 0.22753125000000002 0.9330208333333334 0.37753125 0.096625
1 0.6328671874999999 0.8202291666666668 0.729765625 0.33708333333333335
1 0.345734375 0.11753125 0.09428125000000001 0.22627083333333334
1 0.913046875 0.23567708333333334 0.17390624999999998 0.09739583333333333
2 0.8005546875 0.07528125 0.138203125 0.1505625
0 0.0400390625 0.22527083333333334 0.068359375 0.3958333333333333
0 0.24205468749999998 0.12121875 0.140734375 0.20260416666666667
0 0.2649375 0.29351041666666666 0.25325000000000003 0.1350625
2 0.94453125 0.14509375 0.1109375 0.1828125
2 0.908765625 0.43 0.18246875 0.3047916666666667