0 0.23245312499999998 0.7716979166666668 0.0419375 0.1419375
0 0.1728125 0.7877604166666666 0.0570625 0.1125625
0 0.19854687499999998 0.7602916666666667 0.02559375 0.09516666666666666
2 0.24300000000000002 0.7422708333333333 0.10496875000000001 0.22529166666666667
2 0.1321328125 0.6969166666666666 0.042640625 0.04125
2 0.6188984375000001 0.6279583333333334 0.096984375 0.164625
2 0.96353125 0.75078125 0.04471875 0.19285416666666666
2 0.08920312500000001 0.76771875 0.09546875 0.14647916666666666
2 0.3859296875 0.6113645833333333 0.065578125 0.09864583333333334
2 0.06196875 0.6886145833333334 0.01428125 0.0179375
0 0.2767421875 0.7727083333333334 0.028078125 0.10304166666666667
0 0.1293828125 0.74965625 0.023484375 0.05672916666666667
1 0.12759375 0.7478958333333333 0.0440625 0.012541666666666666
2 0.1515859375 0.720875 0.035546875 0.04858333333333333
2 0.0336328125 0.7286354166666666 0.042671875 0.09364583333333334
2 0.17217187499999997 0.7762083333333333 0.051312500000000004 0.141875
0 0.105609375 0.7534062499999999 0.028125 0.05072916666666667
0 0.021984375 0.7658229166666666 0.0408125 0.11677083333333332
0 0.572265625 0.6475937500000001 0.06009375 0.051812500000000004
0 0.09641406250000001 0.7239270833333332 0.023171875 0.010229166666666668
0 0.06303125000000001 0.81090625 0.035312500000000004 0.06160416666666667