1 0.5 0.6968125000000001 1 0.5768333333333333
2 0.656671875 0.3776875 0.6575 0.6345416666666667
2 0.094921875 0.3541354166666667 0.11740625 0.13885416666666667
2 0.1233203125 0.3406875 0.066359375 0.08729166666666667
0 0.28126562499999996 0.41709375000000004 0.07246875 0.07639583333333334
0 0.2998828125 0.4107291666666667 0.063296875 0.081625
1 0.1668671875 0.40161458333333333 0.145953125 0.0331875
0 0.06465625 0.5721770833333333 0.1271875 0.3301458333333333
0 0.1421484375 0.5288333333333334 0.10004687500000001 0.26137499999999997
0 0.2277734375 0.4865520833333334 0.066234375 0.20527083333333335
0 0.28525 0.44114583333333335 0.07290624999999999 0.11358333333333334
0 0.3486953125 0.40837500000000004 0.046921875 0.08929166666666667
1 0.0285625 0.4451875 0.057125 0.044458333333333336
1 0.10085937500000001 0.42340625000000004 0.06915625 0.0274375
1 0.27435937499999996 0.3836770833333334 0.0443125 0.017520833333333333
1 0.3375859375 0.3833958333333333 0.021203125 0.01583333333333333