0 0.316296875 0.8762916666666667 0.0765 0.143625
0 0.213296875 0.8821979166666666 0.081875 0.1433125
0 0.0782265625 0.8926145833333334 0.08870312500000001 0.14622916666666666
1 0.161734375 0.8821458333333332 0.06728125 0.137625
2 0.3709921875 0.7130625 0.038859375 0.13820833333333335
2 0.49428124999999995 0.7333645833333333 0.03753125 0.12239583333333333
0 0.37328125 0.8108541666666667 0.064375 0.058083333333333334
0 0.1634921875 0.8699166666666667 0.028609375 0.12129166666666666
0 0.2904765625 0.7840208333333334 0.012140624999999999 0.009041666666666667
2 0.5918984375 0.7418750000000001 0.050609375 0.19366666666666665
0 0.2391484375 0.7945416666666667 0.028515625 0.021041666666666667
0 0.3375 0.7840729166666667 0.035562500000000004 0.012020833333333333
1 0.3171484375 0.8562291666666667 0.142703125 0.09154166666666666
1 0.28195312499999997 0.8118229166666667 0.01859375 0.010604166666666666