0 0.39130000000000004 0.6992933333333333 0.19196000000000002 0.13912
2 0.39188999999999996 0.46284 0.22297999999999998 0.3873866666666667
0 0.65854 0.6239466666666666 0.15536000000000003 0.11104
0 0.03492 0.6489466666666667 0.06684 0.14450666666666667
0 0.03123 0.8093466666666667 0.05942 0.23965333333333336
0 0.44210999999999995 0.8626399999999999 0.19966 0.25279999999999997
0 0.59078 0.8412933333333333 0.22068000000000002 0.31224
0 0.87248 0.8223733333333333 0.25504 0.3333333333333333
0 0.83557 0.7977599999999999 0.15769999999999998 0.3333333333333333
0 0.10281 0.8089866666666666 0.16518 0.2472
0 0.89912 0.7624533333333334 0.15392 0.30981333333333333
1 0.30549 0.78636 0.15625999999999998 0.04456
0 0.241 0.912 0.302 0.176
0 0.9718100000000001 0.6248133333333333 0.055979999999999995 0.10493333333333334
1 0.66898 0.7654133333333334 0.22636 0.18384
0 0.06542 0.6555600000000001 0.08764 0.1318666666666667
1 0.04952999999999999 0.9591733333333333 0.09881999999999999 0.08165333333333334
0 0.499 0.6506666666666666 0.142 0.15466666666666667