0 0.34045312499999997 0.41954166666666665 0.198875 0.26516666666666666
0 0.6350625 0.41080208333333335 0.072125 0.1081875
0 0.2701484375 0.34881249999999997 0.142109375 0.13741666666666666
0 0.060609375 0.35706249999999995 0.1204375 0.106125
0 0.46007812500000006 0.3528541666666667 0.07668749999999999 0.17149999999999999
0 0.171390625 0.33322916666666663 0.09959375000000001 0.1
0 0.6861640625 0.27907291666666667 0.031609375 0.059604166666666666
0 0.28166406250000003 0.29585416666666664 0.048765625 0.04483333333333333
0 0.30032812499999995 0.29075 0.025031249999999998 0.03908333333333334
2 0.9008437499999999 0.23976041666666664 0.1938125 0.4763958333333333
2 0.7784765625000001 0.22054166666666664 0.043828125 0.094375
2 0.3154609375 0.25644791666666666 0.026203125 0.0459375
2 0.37696874999999996 0.2643229166666667 0.042375 0.07606249999999999
2 0.8345312500000001 0.22056250000000002 0.03309375 0.06170833333333334
1 0.5008437499999999 0.5696666666666667 0.9983124999999999 0.8337083333333334
1 0.32881250000000006 0.3155 0.1430625 0.016625
1 0.1205078125 0.43146875 0.237640625 0.11685416666666668
1 0.6537734375 0.3606666666666667 0.091984375 0.10391666666666667
1 0.6383515624999999 0.2955833333333333 0.081921875 0.06575
0 0.11183593749999998 0.32431249999999995 0.062703125 0.080625
0 0.3666484375 0.353 0.048453125 0.109125
2 0.7247421875 0.24858333333333332 0.026359375 0.027625
2 0.7285625 0.27522916666666664 0.022125 0.03258333333333333
0 0.6053515625 0.31534375 0.036953124999999996 0.07010416666666666
0 0.033039062499999994 0.28840625000000003 0.027984375 0.039562499999999994
1 0.8154609374999999 0.27297916666666666 0.058421875 0.027166666666666665
0 0.58828125 0.3541666666666667 0.5515625 0.24583333333333332