0 0.20738541666666668 0.320953125 0.1345625 0.1569375
2 0.5153541666666667 0.3943828125 0.7610416666666667 0.766296875
2 0.9402083333333333 0.381171875 0.110625 0.14350000000000002
2 0.9083229166666666 0.2865703125 0.18335416666666668 0.196828125
2 0.31837499999999996 0.20601562499999998 0.09379166666666668 0.10390625
2 0.6858020833333334 0.24744531249999996 0.0993125 0.079328125
1 0.07773958333333333 0.387296875 0.15547916666666667 0.20834375
1 0.3025 0.30756250000000007 0.10929166666666666 0.10818749999999999
0 0.3932083333333333 0.2640078125 0.033166666666666664 0.06526562500000001
1 0.9283750000000001 0.46392187499999993 0.141875 0.1836875
2 0.22479166666666667 0.27202343749999996 0.13908333333333334 0.243015625
0 0.07945833333333334 0.3763671875 0.13974999999999999 0.231890625
1 0.47892708333333334 0.8962656250000001 0.9578541666666667 0.20746875
0 0.028979166666666667 0.501875 0.057958333333333334 0.2673125