0 0.8336171875 0.5090104166666667 0.099671875 0.20493750000000002
0 0.21709375 0.8223333333333334 0.40803124999999996 0.35533333333333333
0 0.9154453124999999 0.7567083333333334 0.169109375 0.45175
0 0.6685546875 0.9468333333333333 0.356328125 0.07012499999999999
2 0.21776562500000002 0.5720104166666666 0.375 0.7713125000000001
2 0.77690625 0.2790416666666667 0.21187499999999998 0.34304166666666663
2 0.394375 0.21692708333333333 0.09446875 0.2116875
2 0.2677734375 0.3516145833333333 0.165234375 0.42743749999999997
2 0.3364453125000001 0.3394270833333334 0.15757812499999999 0.3562708333333333
0 0.6625468750000001 0.25228125 0.02615625 0.07272916666666666
1 0.60471875 0.5458125 0.7905625 0.7382500000000001