0 0.9599296875000001 0.3851203501094092 0.062171875 0.18065645514223194
1 0.5216875 0.6631400437636762 0.57965625 0.6447045951859957
2 0.9201406249999999 0.7358424507658644 0.15971875 0.5242450765864333
2 0.6603359375 0.3404595185995623 0.18942187500000002 0.33133479212253825
2 0.6233984374999999 0.2648030634573304 0.091453125 0.18426695842450763
2 0.8287890625 0.6202297592997812 0.25192187499999996 0.732582056892779
2 0.382734375 0.2936542669584245 0.09146875 0.2189934354485777
2 0.35231250000000003 0.34555798687089717 0.14725 0.3158424507658643
2 0.1877421875 0.6337089715536104 0.365859375 0.7101312910284463
2 0.23625781249999997 0.49385120350109407 0.202546875 0.49299781181619257
2 0.7976796875 0.16144420131291032 0.228203125 0.257855579868709
2 0.7243046875 0.4189824945295405 0.17285937499999998 0.37778993435448577
2 0.0358203125 0.2582494529540481 0.071640625 0.14695842450765864
0 0.14367187499999995 0.4400218818380744 0.01784375 0.1375929978118162