0 0.5822291666666667 0.640171875 0.3105833333333334 0.1629375
0 0.6998125000000001 0.6398906249999998 0.19291666666666665 0.1896875
0 0.8524166666666666 0.48508593749999995 0.033375 0.065828125
0 0.7373645833333333 0.5038281250000001 0.1021875 0.09153125
0 0.3568645833333334 0.55665625 0.09360416666666667 0.16740625
0 0.11952083333333333 0.5886328125 0.07829166666666666 0.177578125
0 0.25917708333333334 0.5144140625 0.09164583333333334 0.07976562499999999
1 0.7594583333333333 0.5796171875 0.4810833333333333 0.096796875
1 0.5 0.8299609375000001 1 0.312359375
2 0.47751041666666666 0.4965859375 0.16802083333333334 0.38992187500000003
2 0.7072083333333333 0.4659999999999999 0.09320833333333334 0.13015625
2 0.6533229166666666 0.439046875 0.028979166666666667 0.0338125
2 0.9853645833333332 0.42785937500000004 0.029270833333333336 0.04290625
2 0.3382604166666667 0.44337499999999996 0.0810625 0.075875
1 0.6206041666666666 0.5166953125 0.13075 0.103171875
0 0.19012500000000002 0.6094296875 0.072125 0.164203125
1 0.11058333333333333 0.5811718750000001 0.22116666666666665 0.19134374999999998
0 0.8519479166666667 0.5272734375 0.10389583333333333 0.025984374999999997
0 0.9748645833333334 0.5084296875000001 0.050270833333333334 0.018703125
0 0.027625 0.7029687500000001 0.05525 0.05387499999999999
1 0.9292499999999999 0.48823437500000005 0.14150000000000001 0.07671875
1 0.6459791666666667 0.46084375 0.05329166666666666 0.011375
1 0.31878124999999996 0.4842578125 0.0380625 0.010328125
0 0.6499479166666666 0.5186171875000001 0.058979166666666666 0.052953125000000004