0 0.9040781250000001 0.4931145833333333 0.10178125 0.15639583333333332
0 0.96640625 0.40729166666666666 0.0671875 0.21458333333333332
0 0.459140625 0.38967708333333334 0.05059375000000001 0.059604166666666666
1 0.9063984375 0.34665625 0.073515625 0.018104166666666664
1 0.45582031250000005 0.43875 0.077828125 0.075625
2 0.5396953125 0.6666666666666666 0.173984375 0.6464166666666666
2 0.5545390625 0.2069166666666667 0.159984375 0.3705416666666667
2 0.7795546875 0.4346875 0.23142187500000003 0.862625
2 0.288203125 0.5078645833333334 0.2561875 0.6921458333333333
2 0.435515625 0.31140625 0.06759375 0.14656249999999998
2 0.105625 0.6670625 0.21125 0.6434166666666666
2 0.0425078125 0.82590625 0.085015625 0.3481875
2 0.799828125 0.58671875 0.1875 0.36035416666666664
2 0.6761874999999999 0.5135000000000001 0.06665625 0.1709166666666667
2 0.8795390624999999 0.28623958333333327 0.053921874999999994 0.11060416666666667
2 0.7297578125 0.16478125 0.261265625 0.3295625
1 0.9234140625 0.3661875 0.152171875 0.047
1 0.1201328125 0.6081562500000001 0.23279687500000001 0.2853541666666667
1 0.7418359375000001 0.4028958333333333 0.315046875 0.06979166666666667
0 0.140296875 0.45714583333333336 0.057625 0.022375
0 0.9207890624999999 0.3630520833333334 0.040359374999999996 0.10972916666666667