0 0.8596718750000001 0.5225833333333333 0.21290625 0.3655833333333333
0 0.6571015625 0.31996874999999997 0.10320312499999999 0.18535416666666665
1 0.5055937500000001 0.64353125 0.3229375 0.6564791666666667
2 0.7516875000000001 0.7528125 0.37078125 0.4719166666666667
2 0.6705078125 0.5504687500000001 0.225828125 0.5130625
2 0.587359375 0.34494791666666663 0.17359375 0.32135416666666666
2 0.3028515625 0.2722291666666667 0.119140625 0.16779166666666667
2 0.309265625 0.57415625 0.27134375 0.5460625
2 0.4614453125 0.3107708333333334 0.155203125 0.22629166666666667
0 0.9488359375 0.9249270833333334 0.10232812499999999 0.1501458333333333
2 0.20146875 0.4661875 0.1305 0.429125