2 0.50883 0.5408465608465608 0.09054000000000001 0.7837037037037037
2 0.38403 0.46690476190476193 0.0485 0.40957671957671954
2 0.6705399999999999 0.45433862433862426 0.06136 0.37005291005291
2 0.43226 0.48537037037037034 0.02264 0.20037037037037037
2 0.45754 0.4891534391534391 0.02096 0.17883597883597882
0 0.7505 0.8333333333333334 0.239 0.14285714285714285
0 0.71913 0.8230687830687831 0.22590000000000002 0.18507936507936507
0 0.7829100000000001 0.6796560846560846 0.04918 0.060158730158730155
0 0.7785299999999999 0.6447354497354497 0.03598 0.039841269841269844
1 0.71112 0.7429894179894181 0.21719999999999998 0.09211640211640212
1 0.71886 0.6588624338624338 0.15991999999999998 0.08174603174603175
1 0.67904 0.6117195767195767 0.06459999999999999 0.028518518518518516
1 0.69006 0.5756084656084656 0.04296 0.028994708994708997
1 0.728 0.9215343915343914 0.384 0.07671957671957672