0 0.28324396782841826 0.3908035714285714 0.08959785522788204 0.11470238095238094
1 0.2512198391420912 0.40148809523809526 0.2608847184986595 0.13642857142857143
0 0.9578686327077749 0.3402529761904762 0.04978552278820375 0.06770833333333333
2 0.07071045576407507 0.31212797619047616 0.07225201072386059 0.1075892857142857
2 0.5433243967828418 0.4190922619047619 0.2537265415549598 0.4616369047619048
2 0.7086729222520108 0.5340625 0.23091152815013405 0.6505654761904762
2 0.39372654155495984 0.36153273809523817 0.0958176943699732 0.21145833333333333
2 0.35360589812332444 0.2807142857142857 0.05659517426273458 0.08541666666666667
2 0.185857908847185 0.280625 0.058042895442359244 0.09738095238095237
1 0.5135790884718499 0.8090922619047618 0.601313672922252 0.350625
2 0.4431769436997318 0.2974702380952381 0.03273458445040215 0.07345238095238095