0 0.48842968749999993 0.4984154929577465 0.139140625 0.15359154929577468
0 0.33353124999999995 0.5631807511737089 0.24153125000000003 0.21598591549295776
1 0.07221093749999999 0.8125 0.138140625 0.2830281690140845
1 0.17396874999999998 0.4169718309859155 0.3173125 0.29427230046948355
2 0.5977031250000001 0.49508215962441315 0.7969375000000001 0.9750469483568075
2 0.3710078125 0.3135915492957746 0.20054687499999999 0.28356807511737087
2 0.47325 0.3126173708920188 0.07809374999999999 0.2182863849765258
2 0.21314843749999998 0.29944835680751175 0.157046875 0.17528169014084508
2 0.22985156250000002 0.19747652582159625 0.06029687500000001 0.14007042253521126
2 0.14928906249999999 0.20644366197183098 0.10695312500000001 0.3213849765258216
2 0.60803125 0.31100938967136155 0.14509375 0.27863849765258214
2 0.5483984375000001 0.2401643192488263 0.029828125 0.08032863849765258
2 0.5195390625 0.26166666666666666 0.040640625 0.12103286384976526
2 0.572515625 0.24795774647887325 0.038343749999999996 0.09145539906103287
1 0.5092265625 0.4036150234741784 0.070015625 0.07868544600938968