2 0.52759375 0.39186458333333335 0.155875 0.2996875
2 0.8106718749999999 0.603375 0.37753125 0.6359583333333333
2 0.35747656249999993 0.6099583333333333 0.22760937499999997 0.566125
2 0.6168515625000001 0.7213437500000001 0.286515625 0.31910416666666663
2 0.494171875 0.65746875 0.17290624999999998 0.2968958333333333
2 0.6491171875 0.40257291666666667 0.10689062499999999 0.3716041666666667
0 0.3897421875 0.36398958333333337 0.026578125 0.0135625
2 0.9356718749999999 0.3853229166666666 0.12865625 0.3552708333333333
2 0.281921875 0.499875 0.13946875 0.4974166666666667
2 0.231875 0.391 0.09281249999999999 0.320125
2 0.8510312499999999 0.30973958333333335 0.10049999999999999 0.1467291666666667
2 0.44070312500000003 0.46896875000000005 0.0734375 0.3339375
2 0.05925781249999999 0.7345625000000001 0.11851562499999999 0.5061666666666667
1 0.4683671875 0.93565625 0.866953125 0.1286875
2 0.2119765625 0.6288958333333333 0.078359375 0.2075
0 0.39153125 0.37245833333333334 0.015875 0.0035416666666666665
2 0.14453125 0.46979166666666666 0.1765625 0.39791666666666664