0 0.392609375 0.5762499999999999 0.19640625 0.12511682242990654
1 0.39424218750000006 0.8000817757009344 0.591109375 0.37455607476635516
2 0.25357812500000004 0.3191121495327102 0.20775000000000002 0.5266822429906541
2 0.078140625 0.4325817757009346 0.15028125 0.366285046728972
2 0.42358593750000006 0.45658878504672895 0.087703125 0.169392523364486
2 0.7108671875000001 0.5135163551401869 0.578265625 0.9526869158878505
2 0.894140625 0.30649532710280375 0.12521875 0.07271028037383177
2 0.10589843750000001 0.3713785046728972 0.050828125 0.0844392523364486
2 0.4038828125 0.4090303738317757 0.024109375 0.06740654205607477
2 0.5222734375 0.5647196261682242 0.13579687499999998 0.22429906542056074
2 0.361703125 0.4095794392523364 0.0161875 0.05467289719626168
2 0.1285 0.40143691588785047 0.04525 0.11521028037383178