0 0.91575 0.482015625 0.16849999999999998 0.32953125
0 0.303875 0.5626796875 0.08795833333333333 0.142953125
1 0.4981145833333333 0.800796875 0.9962291666666666 0.37471875
2 0.5183541666666667 0.37865624999999997 0.713125 0.67640625
2 0.8855729166666666 0.22839843750000002 0.1583125 0.192953125
0 0.7082083333333333 0.5830234375 0.040791666666666664 0.10382812500000001
1 0.8008958333333334 0.386 0.14120833333333332 0.19496875
0 0.7638958333333333 0.25734375000000004 0.12204166666666666 0.10778125000000001
2 0.9009375 0.33753125 0.198125 0.40553125
1 0.08126041666666665 0.43508593749999996 0.15327083333333333 0.116046875
1 0.03054166666666667 0.301078125 0.06104166666666667 0.0938125