2 0.1313583138173302 0.5808984374999999 0.2627166276346604 0.406734375
2 0.26620608899297427 0.416640625 0.19592505854800937 0.2745
2 0.3857259953161592 0.8427031249999999 0.5674707259953161 0.31459375
2 0.8368149882903981 0.7292109375 0.3263700234192038 0.541578125
2 0.7925644028103045 0.4830234375 0.41487119437939113 0.23529687500000002
0 0.05834894613583138 0.431734375 0.030889929742388758 0.061343749999999996
0 0.7638056206088992 0.3940546875 0.01810304449648712 0.021953125
2 0.5857728337236534 0.3668203125000001 0.24414519906323184 0.120296875
2 0.5899180327868851 0.3298984375 0.15346604215456675 0.11973437499999999
2 0.4236651053864169 0.324359375 0.1693911007025761 0.14615625000000002
2 0.7255971896955503 0.44652343749999995 0.1610304449648712 0.219484375
0 0.9207142857142857 0.32467968750000004 0.08953161592505854 0.10389062499999999
0 0.8293793911007027 0.3208203125000001 0.09651053864168618 0.102515625
0 0.7416276346604216 0.3077890625 0.08953161592505854 0.101296875
0 0.6622599531615925 0.2928046875 0.07768149882903981 0.067453125
0 0.06233021077283373 0.7772812499999999 0.12199063231850119 0.0135625
1 0.4660655737704918 0.6863046875000001 0.8992974238875878 0.627390625