0 0.64140625 0.88125 0.409375 0.2375
0 0.812828125 0.7254895833333334 0.07840625 0.24135416666666665
0 0.5179140625 0.6840520833333333 0.06029687500000001 0.17964583333333334
0 0.3707890625 0.721 0.10695312500000001 0.25683333333333336
0 0.020203125 0.7970729166666667 0.04040625 0.15022916666666666
0 0.4765859375 0.7258645833333334 0.094421875 0.2768541666666666
1 0.6585703125 0.7005104166666667 0.223234375 0.1284375
2 0.41168749999999993 0.4823854166666667 0.09668750000000001 0.18006250000000001
2 0.470453125 0.5336354166666666 0.06637499999999999 0.06989583333333332
2 0.2572890625 0.6071145833333333 0.12042187499999998 0.30381250000000004
2 0.5443828125 0.6011249999999999 0.148328125 0.294375
2 0.6271328125 0.56871875 0.066078125 0.1061875
2 0.7018046874999999 0.5524375 0.061953125 0.10024999999999999
2 0.665875 0.5466354166666668 0.024375 0.0666875
2 0.3396015625 0.5685416666666667 0.109546875 0.19325
2 0.8085703125 0.5944583333333334 0.095359375 0.224
2 0.0892109375 0.5469062499999999 0.060015624999999996 0.10389583333333333
2 0.16150781250000001 0.5261979166666666 0.062140625000000005 0.10656249999999999
2 0.0301328125 0.5878958333333333 0.060265625 0.27895833333333336
1 0.731234375 0.6212604166666668 0.08271875 0.02722916666666667
1 0.423328125 0.61265625 0.014875 0.009145833333333332
0 0.271484375 0.7513124999999999 0.16015625 0.328125
0 0.5886171874999999 0.6024270833333334 0.018171875 0.03789583333333334
1 0.11366406250000001 0.6803125 0.21179687500000002 0.16579166666666667
2 0.5102421875 0.5044687499999999 0.019796875 0.042604166666666665
2 0.04296875 0.5333333333333333 0.0234375 0.05416666666666667