2 0.27594531250000004 0.44719399538106236 0.299515625 0.656189376443418
2 0.5093359375000001 0.5705427251732103 0.395546875 0.749445727482679
2 0.8658515625 0.5640415704387991 0.220453125 0.8449422632794458
2 0.08990625 0.9121593533487298 0.1798125 0.15540415704387991
0 0.7569687499999999 0.43541570438799077 0.13087500000000002 0.2799769053117783
1 0.294859375 0.7905427251732102 0.58665625 0.3986374133949192
2 0.7693046875 0.26517321016166284 0.212859375 0.4854041570438799
0 0.74175 0.7318475750577367 0.10709375000000002 0.28120092378752887
0 0.4468828125 0.15369515011547344 0.11576562500000001 0.24526558891454966
0 0.5878125000000001 0.25219399538106235 0.26565625000000004 0.39090069284064666
2 0.1133046875 0.20872979214780601 0.182296875 0.3925173210161663