0 0.39693750000000005 0.7795114942528735 0.1326875 0.34477011494252874
1 0.519203125 0.6471982758620689 0.2803125 0.3293965517241379
2 0.6317265625 0.6483045977011495 0.290828125 0.4427011494252874
2 0.553984375 0.44537356321839083 0.13409374999999998 0.2306896551724138
2 0.9200624999999999 0.8868247126436782 0.159875 0.22635057471264367
2 0.7032109375 0.818721264367816 0.284703125 0.3393390804597701
2 0.517109375 0.41044540229885057 0.08803125 0.264683908045977
2 0.43240625 0.4175431034482759 0.08665625 0.2860057471264368
2 0.3728359375 0.560617816091954 0.15692187500000002 0.32439655172413795
2 0.2828671875 0.5405890804597702 0.079421875 0.5865229885057471
2 0.0354375 0.7471982758620689 0.070875 0.3842816091954023
2 0.8669140624999999 0.8647413793103447 0.164609375 0.2678735632183908
0 0.3368671875 0.7225287356321839 0.091671875 0.29666666666666663
0 0.521984375 0.7610201149425286 0.09915625 0.30985632183908046
0 0.7252343749999999 0.7558333333333335 0.07484375 0.2545402298850575
0 0.3853203125 0.5335344827586207 0.050578124999999995 0.08413793103448276