0 0.1232421875 0.6428103044496487 0.182078125 0.4176580796252927
0 0.2822265625 0.7514285714285714 0.036484375 0.13114754098360656
0 0.8833671874999999 0.6880679156908666 0.175890625 0.40695550351288057
0 0.59646875 0.6273302107728339 0.024 0.10365339578454331
1 0.5195000000000001 0.685831381733021 0.40031249999999996 0.07414519906323185
2 0.32203906250000003 0.56115925058548 0.189921875 0.5575409836065573
2 0.17766406249999997 0.5741569086651054 0.22639062499999998 0.5865339578454333
2 0.8246171875000001 0.6094262295081968 0.21589062499999997 0.5550585480093677
2 0.7064296875 0.581135831381733 0.176296875 0.5590866510538641
2 0.5466953125 0.578864168618267 0.18851562500000002 0.5577283372365339
0 0.6368828125 0.5762177985948478 0.021203125 0.08414519906323185