0 0.33286718750000005 0.57528125 0.23089062500000002 0.22922916666666668
0 0.9252812499999999 0.7487604166666666 0.1449375 0.34831249999999997
2 0.6841796875 0.53009375 0.44120312500000003 0.7955625000000001
2 0.38656250000000003 0.28782291666666665 0.1033125 0.16197916666666667
2 0.27259374999999997 0.23104166666666667 0.0610625 0.1275
2 0.44564062499999996 0.24915625 0.03596875 0.11289583333333333
2 0.1074375 0.25461458333333337 0.03590625 0.16685416666666666
2 0.16125000000000003 0.3002291666666667 0.045875 0.08195833333333334
0 0.5319765624999999 0.3700625 0.06035937500000001 0.02704166666666667
0 0.45409375 0.31376041666666665 0.03775 0.025520833333333333
0 0.22077343749999997 0.31784375 0.029109375 0.04777083333333333
0 0.5795078124999999 0.29785416666666664 0.016859375 0.02333333333333333
0 0.3071171875 0.34916666666666674 0.058609375 0.017666666666666667
0 0.5266328125000002 0.3194895833333333 0.021890625 0.0269375
0 0.47709375000000004 0.36384375 0.04740625 0.021062499999999998
0 0.81684375 0.27671875 0.0210625 0.029979166666666668
0 0.7968437500000001 0.31021875 0.04171875 0.0278125
1 0.524171875 0.313 0.1143125 0.03958333333333333
1 0.5096484375 0.28647916666666673 0.038484375 0.01583333333333333
1 0.5270234374999999 0.36115624999999996 0.159640625 0.04927083333333333
1 0.81740625 0.3580729166666667 0.038875 0.009645833333333333
1 0.193046875 0.28894791666666664 0.0316875 0.011770833333333335
0 0.5062109374999999 0.31946875 0.025671875 0.018354166666666668
1 0.8174296875 0.33714583333333337 0.043421875 0.033041666666666664
0 0.272703125 0.33546875000000004 0.04578125 0.0328125
2 0.16959375000000002 0.20422916666666666 0.03603125 0.044375000000000005
1 0.8015546875 0.38885416666666667 0.06979687500000001 0.04845833333333334
1 0.7826015624999999 0.3407291666666667 0.040328125 0.036166666666666666
1 0.5361171875 0.32936458333333335 0.613421875 0.07572916666666667
1 0.2144375 0.38250000000000006 0.05096874999999999 0.058666666666666666