0 0.5140399999999999 0.7967065868263473 0.11159999999999999 0.10910179640718562
0 0.70562 0.8203892215568862 0.16556 0.2515568862275449
0 0.186 0.854251497005988 0.104 0.2904191616766467
0 0.109 0.7485029940119761 0.086 0.20059880239520958
0 0.267 0.5119760479041916 0.082 0.12874251497005987
1 0.33464000000000005 0.3904790419161677 0.10984000000000001 0.09053892215568862
1 0.059 0.905688622754491 0.114 0.18862275449101795
2 0.51988 0.647305389221557 0.1372 0.2362874251497006
2 0.86848 0.41679640718562877 0.09768 0.14317365269461077
2 0.6600600000000001 0.6611377245508983 0.13516 0.29353293413173653
2 0.79262 0.3929640718562874 0.07476000000000001 0.172874251497006
2 0.966 0.4655688622754491 0.068 0.18263473053892215
2 0.293 0.45089820359281435 0.098 0.17065868263473055
2 0.41532 0.6142814371257486 0.11456000000000001 0.291437125748503
2 0.532 0.3997005988023952 0.076 0.09880239520958084
1 0.044719999999999996 0.578502994011976 0.08943999999999999 0.1968862275449102
2 0.88446 0.3156287425149701 0.055159999999999994 0.08538922155688623
2 0.0847 0.41907185628742516 0.08948 0.1440119760479042
0 0.0339 0.6641616766467066 0.06716 0.17275449101796408
0 0.09903999999999999 0.5823652694610778 0.098 0.17419161676646708
0 0.8362 0.5348802395209581 0.08752 0.1898802395209581
0 0.20765999999999998 0.47311377245508984 0.057640000000000004 0.09592814371257485
1 0.4417 0.3069461077844311 0.03084 0.043353293413173656
1 0.59284 0.320688622754491 0.04192 0.0374251497005988
1 0.5561 0.5924550898203592 0.27844 0.3143712574850299
1 0.8921 0.41062874251497006 0.17956 0.1612574850299401
1 0.25674 0.3548802395209581 0.09284 0.057904191616766465
2 0.17320000000000002 0.3536826347305389 0.02616 0.07035928143712575
0 0.33794 0.5496407185628742 0.023559999999999998 0.11365269461077844
0 0.39452000000000004 0.7286526946107784 0.13984 0.19850299401197605
0 0.09625999999999998 0.47883233532934133 0.0418 0.05023952095808384
1 0.00966 0.44622754491017963 0.01916 0.06107784431137724
2 0.7393000000000001 0.5434131736526946 0.08892 0.26023952095808384
2 0.46306 0.30383233532934134 0.023719999999999998 0.06359281437125748
2 0.49 0.344311377245509 0.604 0.30538922155688625
0 0.534 0.6017964071856288 0.924 0.5209580838323353