0 0.51225 0.42853125 0.17783333333333334 0.07518749999999999
1 0.6599479166666666 0.647 0.34510416666666666 0.1818125
1 0.38275 0.5199999999999999 0.4078333333333333 0.07528125
2 0.25721875 0.4940703125 0.5014791666666667 0.981671875
2 0.7498229166666667 0.3811796875 0.27239583333333334 0.322578125
2 0.32184375000000004 0.3350937500000001 0.1243125 0.13571875
2 0.83859375 0.32921093749999997 0.11552083333333334 0.149015625
2 0.8908229166666667 0.316890625 0.0538125 0.0685625
2 0.56540625 0.3695703125 0.11902083333333334 0.21032812500000003
2 0.9479375 0.3782421875 0.104125 0.223296875
0 0.9031770833333332 0.4125859375 0.05689583333333333 0.040796874999999996
2 0.9382395833333333 0.3158984375 0.0696875 0.071640625
2 0.8003020833333334 0.2503125 0.10460416666666666 0.10112499999999999