1 0.25640999999999997 0.5466946778711484 0.10981999999999999 0.013613445378151262
2 0.71245 0.535686274509804 0.02826 0.06935574229691877
2 0.36563999999999997 0.5234453781512605 0.02764 0.05518207282913165
0 0.484 0.5873249299719887 0.02124 0.06187675070028011
0 0.57647 0.5826330532212886 0.0347 0.0557983193277311
0 0.62719 0.5835574229691877 0.018699999999999998 0.045546218487394964
0 0.68789 0.582436974789916 0.02966 0.052100840336134456
0 0.52603 0.5878991596638654 0.031059999999999997 0.0569187675070028
0 0.35501 0.5800420168067226 0.02966 0.05464985994397759
0 0.02076 0.568501400560224 0.02764 0.043837535014005606
0 0.43501999999999996 0.5893557422969188 0.023039999999999998 0.050980392156862744
0 0.73202 0.5612605042016807 0.01728 0.014285714285714285
0 0.14057 0.5553781512605042 0.013380000000000001 0.010028011204481792
0 0.17844 0.5581232492997199 0.01912 0.016358543417366946
1 0.6342300000000001 0.5521988795518207 0.14837999999999998 0.010224089635854342
1 0.22832 0.5651540616246499 0.02872 0.013277310924369748
0 0.172 0.5784313725490196 0.2 0.06442577030812324