1 0.784546875 0.82996875 0.42640625 0.31685416666666666
2 0.34375 0.5005624999999999 0.6368125 0.998875
2 0.74534375 0.2435625 0.0890625 0.22070833333333334
2 0.7299218749999998 0.3766979166666667 0.14671875 0.1883125
2 0.8651718749999999 0.12846875 0.0360625 0.056187499999999994
2 0.609890625 0.12722916666666667 0.044906249999999995 0.09270833333333334
2 0.9352031250000001 0.19266666666666665 0.08190625 0.2222083333333333
2 0.6518046875000001 0.23637500000000003 0.11089062499999999 0.19891666666666669
1 0.8639218750000002 0.23605208333333336 0.10887500000000001 0.12547916666666667
1 0.73853125 0.28933333333333333 0.15865625 0.15204166666666669
1 0.9023671875 0.17200000000000001 0.039984375 0.02175
0 0.8673046874999999 0.6062395833333334 0.265390625 0.25764583333333335
0 0.5387734375 0.19072916666666667 0.056140625 0.111
0 0.713765625 0.4539270833333333 0.12640625 0.22022916666666664
0 0.814515625 0.24554166666666669 0.0749375 0.141375
0 0.6036328125 0.170125 0.045015625 0.09358333333333334
0 0.9857578124999999 0.33021875 0.028453125000000003 0.06802083333333334
0 0.6094375 0.20853125 0.024281249999999997 0.04210416666666667
0 0.4936718750000001 0.20029166666666667 0.055406250000000004 0.09295833333333332
0 0.7604375 0.3061770833333333 0.038125 0.09818750000000001
0 0.851625 0.1474375 0.029281249999999998 0.025833333333333333
1 0.82753125 0.41796875 0.02359375 0.0494375
2 0.6976796875000001 0.13214583333333335 0.048953125 0.10495833333333333
2 0.6350859375000001 0.11 0.017484375 0.05
0 0.5438984375 0.14315625 0.021484375 0.03222916666666667
0 0.8605078125000001 0.21941666666666665 0.062359374999999995 0.12591666666666665
1 0.5342734375 0.35036458333333337 0.176421875 0.21297916666666666
1 0.4892578125 0.1479895833333333 0.041078125 0.015979166666666666
1 0.5608437499999999 0.16167708333333333 0.06803125 0.0750625
1 0.654546875 0.13430208333333335 0.0531875 0.030354166666666668
1 0.09036718750000002 0.3705 0.126234375 0.11058333333333333
1 0.8915156249999999 0.1416875 0.0595 0.033499999999999995
0 0.9057187500000001 0.15183333333333332 0.0373125 0.024625
2 0.9120390624999999 0.4253854166666667 0.175921875 0.3444375
0 0.62109375 0.15104166666666666 0.2515625 0.11875