2 0.3203359375 0.30366510538641683 0.097296875 0.1232552693208431
2 0.466578125 0.28603044496487123 0.1066875 0.12161592505854801
2 0.6636953125 0.3217096018735363 0.094984375 0.10871194379391101
2 0.8997890625 0.4409367681498829 0.071984375 0.45517564402810307
2 0.6806796875000002 0.6563348946135833 0.122953125 0.269672131147541
2 0.47632812500000005 0.6330093676814988 0.14540625000000001 0.27046838407494145
2 0.28690625000000003 0.6822833723653395 0.091875 0.23702576112412177
2 0.29876562500000003 0.11776346604215457 0.1114375 0.22236533957845434
0 0.6479921875 0.8382201405152224 0.155671875 0.3185948477751756
0 0.46974218749999996 0.8323419203747073 0.169640625 0.299672131147541
0 0.278125 0.8698360655737704 0.1648125 0.260327868852459
0 0.06821093749999999 0.8479274004683841 0.13414062499999999 0.3011943793911007
0 0.034453125 0.4662763466042155 0.06890625 0.25152224824355973
0 0.6707578125 0.28646370023419204 0.128765625 0.13817330210772832
0 0.8404218749999999 0.6058665105386418 0.1283125 0.3391334894613583
0 0.31571875 0.3 0.1130625 0.11714285714285715
0 0.4971328125 0.28984777517564403 0.069734375 0.13243559718969555
0 0.8137187499999999 0.40019906323185017 0.09090625 0.13182669789227167
2 0.78815625 0.41736533957845434 0.09828125 0.11669789227166276
2 0.8009296875 0.573688524590164 0.12789062499999998 0.3382435597189696
0 0.11946875000000001 0.09262295081967213 0.0769375 0.18524590163934426
1 0.41850781249999996 0.5896135831381732 0.746890625 0.47791569086651053
2 0.1104609375 0.71327868852459 0.195578125 0.33344262295081967