0 0.7101249999999999 0.20467708333333334 0.13034375 0.1684375
0 0.6705937499999999 0.14726041666666667 0.1285 0.20464583333333333
0 0.36812500000000004 0.18964583333333335 0.1615625 0.15533333333333335
0 0.49500781250000003 0.07838541666666667 0.037828125000000004 0.07827083333333333
0 0.10696874999999999 0.26455208333333335 0.059875 0.1903125
1 0.85309375 0.18427083333333333 0.2938125 0.12133333333333333
0 0.17501562499999998 0.20175 0.1076875 0.225875
1 0.5715390625 0.1448125 0.10007812499999999 0.19716666666666666
1 0.313484375 0.7285312500000001 0.62696875 0.5101041666666667
1 0.3543515625 0.12117708333333334 0.287796875 0.07014583333333334
2 0.355078125 0.12608333333333335 0.15303125 0.2521666666666667
2 0.6631562499999999 0.12409374999999999 0.19559375 0.24818749999999998
2 0.0512890625 0.20692708333333332 0.102578125 0.3988541666666666
2 0.7483671875 0.06463541666666667 0.05298437499999999 0.12585416666666666
0 0.7889140625000001 0.053197916666666664 0.030640624999999998 0.06152083333333334
0 0.8220234375000001 0.05078125 0.054203125 0.059895833333333336