0 0.6561562499999999 0.6785104166666667 0.13174999999999998 0.13439583333333335
0 0.5106796875 0.6170416666666667 0.104609375 0.11433333333333334
0 0.77878125 0.75903125 0.15237499999999998 0.13768750000000002
0 0.0866796875 0.9466458333333333 0.173171875 0.10670833333333334
1 0.46496875000000004 0.7827708333333334 0.8290312500000001 0.4125416666666667
2 0.6213359375 0.41027083333333336 0.15914062499999998 0.5598333333333334
2 0.7951562499999999 0.414875 0.19628125000000002 0.6267083333333333
2 0.9452578124999998 0.4994375 0.109484375 0.961625
2 0.31710937499999997 0.34382291666666664 0.23825 0.5301875
0 0.9067265624999999 0.9450520833333333 0.097734375 0.10989583333333333
0 0.059414062499999996 0.6805208333333332 0.10323437499999999 0.32208333333333333