0 0.915375 0.48391406249999996 0.082625 0.098828125
1 0.8676875000000001 0.47285937499999997 0.065625 0.0839375
2 0.6110546875 0.6158125 0.187796875 0.43696875
2 0.7580390625 0.601 0.187859375 0.38415625000000003
2 0.295484375 0.44096093750000004 0.10075 0.298328125
2 0.357765625 0.434359375 0.0681875 0.30096875
2 0.46567187500000007 0.43912500000000004 0.073375 0.21715625
2 0.5338984375000001 0.4106484375 0.092484375 0.257453125
2 0.18017187500000004 0.431609375 0.1025 0.258625
2 0.03903125 0.420484375 0.0780625 0.23378125
2 0.7022734375 0.439078125 0.10848437500000001 0.25190625
2 0.4274609375000001 0.3031328125 0.038796874999999995 0.028953125000000003
2 0.88065625 0.42513281250000007 0.07146875 0.129421875
2 0.6435 0.3706328125000001 0.03071875 0.061703125000000004
0 0.123171875 0.432265625 0.047875 0.07178124999999999
0 0.08544531250000001 0.44154687499999995 0.025609375 0.04121875
0 0.9600078125 0.45170312500000004 0.033109375 0.055843750000000004
0 0.9171250000000001 0.42204687500000004 0.01865625 0.0343125
2 0.775828125 0.393578125 0.047343750000000004 0.051625
2 0.4984375 0.365625 0.834375 0.178125