2 0.861321353065539 0.30425 0.0727061310782241 0.093875
2 0.27731501057082447 0.271078125 0.08744186046511628 0.1153125
2 0.20150105708245244 0.2698828125 0.07306553911205074 0.116203125
1 0.9149788583509513 0.6741796874999999 0.16818181818181818 0.208390625
0 0.08971458773784356 0.3663984375 0.0969767441860465 0.09439062499999999
0 0.1467970401691332 0.4339921875 0.11414376321353066 0.155671875
0 0.028234672304439747 0.44223437499999996 0.05583509513742072 0.145875
0 0.4041649048625793 0.344046875 0.08118393234672304 0.07075000000000001
0 0.324661733615222 0.3325234375 0.08027484143763214 0.041578125
0 0.08947145877378436 0.45355468749999994 0.09255813953488372 0.11470312499999999
1 0.49882663847780123 0.8978359375 0.9976532769556025 0.20432812500000003
0 0.4528541226215645 0.3691953125 0.0426215644820296 0.032296875
2 0.02846723044397463 0.28776562499999997 0.05693446088794926 0.11884375
2 0.30684989429175474 0.24409375 0.025539112050739957 0.02290625
1 0.7451902748414375 0.5120078125 0.4656871035940804 0.159109375