1 0.6167421875000001 0.7865520833333333 0.766515625 0.4268958333333333
2 0.5053203125 0.51009375 0.512890625 0.8721875
2 0.8330546875 0.34696875000000005 0.333890625 0.6621875
2 0.9580546875 0.3782916666666667 0.083890625 0.25504166666666667
0 0.922859375 0.17765625000000002 0.15428124999999998 0.34789583333333335
0 0.7302734375 0.1567916666666667 0.057796875000000004 0.18183333333333335
0 0.7593828125 0.2915833333333333 0.192234375 0.13495833333333335
0 0.9378203125000001 0.18989583333333335 0.11754687500000001 0.0415
0 0.9353046875000001 0.22304166666666667 0.116234375 0.055374999999999994
0 0.9328437500000002 0.2645104166666667 0.1088125 0.035729166666666666
0 0.9239843750000001 0.29836458333333327 0.09603125 0.036645833333333336
0 0.9040859375 0.3323541666666667 0.064859375 0.026083333333333333
0 0.6668593750000001 0.4988125 0.02853125 0.07012499999999999
0 0.89515625 0.38828125 0.050875000000000004 0.04764583333333334
0 0.8374296875 0.2646354166666667 0.026578125 0.024604166666666667
0 0.9892265625000001 0.09144791666666666 0.021546875 0.09547916666666666