0 0.23101307189542483 0.3116339869281046 0.1403267973856209 0.14516339869281047
2 0.496625816993464 0.5067565359477124 0.9572058823529411 0.9459313725490196
0 0.11306372549019607 0.43948529411764703 0.17700980392156862 0.370343137254902
0 0.20654411764705882 0.4937009803921568 0.16897058823529412 0.09772875816993465
0 0.12387254901960784 0.37900326797385625 0.07748366013071896 0.2815359477124183
0 0.9392810457516338 0.33243464052287586 0.04751633986928104 0.020784313725490198
1 0.910686274509804 0.35699346405228755 0.10212418300653595 0.028627450980392155
0 0.9237091503267975 0.4051062091503268 0.0731045751633987 0.06972222222222223
1 0.17684640522875816 0.4092647058823529 0.2942156862745098 0.07774509803921568
1 0.04058006535947713 0.3269281045751634 0.021094771241830065 0.022254901960784314
1 0.10964052287581698 0.3131372549019608 0.05928104575163399 0.024901960784313726