1 0.23082031249999999 0.38593457943925236 0.183390625 0.06383177570093458
1 0.670109375 0.46598130841121493 0.17034375 0.14121495327102804
2 0.0818125 0.3311565420560748 0.163625 0.22063084112149534
2 0.8778593749999999 0.6325467289719626 0.24428125 0.7174766355140186
2 0.5787812499999999 0.38901869158878505 0.16493750000000001 0.31883177570093457
0 0.5764140624999999 0.523142523364486 0.025828125 0.027079439252336447
0 0.821453125 0.5898948598130841 0.06934375000000001 0.17189252336448596
2 0.3781484375 0.3728271028037383 0.183015625 0.3276635514018692
2 0.7884921875000002 0.40202102803738315 0.12801562500000002 0.3355841121495327
0 0.2462890625 0.5803971962616823 0.087390625 0.17238317757009347
0 0.1523984375 0.6373831775700934 0.07307812500000001 0.0569626168224299