0 0.08941451990632318 0.47720312499999995 0.12524590163934426 0.08440625
1 0.49606557377049176 0.5715078124999999 0.9921311475409835 0.827421875
2 0.8014519906323185 0.534828125 0.397096018735363 0.67415625
2 0.12769320843091336 0.3301484375 0.1663466042154567 0.23935937499999999
2 0.24975409836065574 0.282828125 0.13051522248243558 0.177125
2 0.25765807962529275 0.917 0.5153161592505855 0.1438125
2 0.8733255269320843 0.23178125 0.1653864168618267 0.11100000000000002
2 0.32774004683840746 0.22471093749999999 0.18480093676814988 0.18360937500000002
2 0.03402810304449649 0.4011484375 0.06805620608899297 0.173109375
2 0.7552693208430913 0.2250625 0.1102576112412178 0.10734375
2 0.8081850117096019 0.24634375 0.292576112412178 0.19471875
0 0.9238524590163935 0.8842890625 0.15229508196721311 0.23142187500000003
2 0.7387236533957845 0.34367968749999994 0.1535128805620609 0.086046875
2 0.726135831381733 0.18815624999999997 0.22074941451990635 0.1565625
2 0.46943793911007026 0.16316406249999998 0.117096018735363 0.095890625