0 0.5428046875 0.6604166666666667 0.019359375 0.07291666666666667
0 0.4726953125000001 0.7182708333333334 0.054265625 0.010875
2 0.290734375 0.6088020833333333 0.42978125 0.7740208333333333
2 0.7028046875 0.5179791666666667 0.562921875 0.9415833333333333
2 0.4284843749999999 0.5829583333333334 0.07112500000000001 0.2966666666666667
2 0.96796875 0.5947916666666667 0.0640625 0.26875
2 0.36915624999999996 0.47329166666666667 0.041999999999999996 0.07870833333333334
2 0.06085937500000001 0.6408541666666667 0.08156250000000001 0.3659166666666666
0 0.45003906250000003 0.8188854166666667 0.020453125 0.07402083333333334
0 0.50484375 0.9180729166666666 0.11415625 0.16368749999999999
1 0.7174921875 0.80328125 0.565015625 0.16360416666666666