0 0.6696979166666667 0.48567968749999996 0.1206875 0.277609375
0 0.9295624999999998 0.668546875 0.13920833333333332 0.23762500000000003
2 0.08558333333333334 0.4898593750000001 0.15916666666666668 0.9684687500000001
2 0.37266666666666665 0.28923437500000004 0.24295833333333333 0.18965625
2 0.30348958333333337 0.25109375 0.11527083333333334 0.15534375
2 0.48709374999999994 0.21349999999999997 0.07127083333333334 0.078375
2 0.9023541666666667 0.29440625 0.1555 0.15234375
2 0.75553125 0.43423437499999995 0.18910416666666666 0.419625
2 0.9055416666666666 0.5527109375 0.1857916666666667 0.341453125
2 0.13355208333333335 0.31471875000000005 0.06872916666666667 0.27549999999999997
2 0.6074895833333334 0.2503828125 0.10364583333333334 0.105171875
0 0.16957291666666666 0.3441875 0.08202083333333333 0.15787500000000002
0 0.39503125 0.5875859375 0.2571875 0.32942187500000003
1 0.8403125 0.40060937500000005 0.319375 0.1183125
1 0.4900729166666667 0.3930624999999999 0.20047916666666668 0.052000000000000005
1 0.5260729166666667 0.2700625 0.07864583333333333 0.0228125
1 0.6360208333333334 0.305 0.13383333333333333 0.026187500000000002
1 0.13376041666666666 0.32010937500000003 0.0418125 0.02790625