0 0.12371093749999999 0.8113104838709677 0.24742187499999999 0.3773790322580645
1 0.49435937500000005 0.7821975806451613 0.554 0.4356048387096774
2 0.5041796875 0.45169354838709674 0.14454687500000002 0.40451612903225803
2 0.853828125 0.6065322580645162 0.25987499999999997 0.7215322580645162
2 0.32165625000000003 0.3853024193548387 0.1286875 0.398508064516129
2 0.132359375 0.5741532258064516 0.24034375 0.8516935483870968
2 0.049765624999999994 0.3873588709677419 0.057437499999999996 0.27278225806451617
0 0.9387109375 0.81625 0.12257812500000001 0.3675
0 0.5595625 0.5454637096774194 0.11265624999999999 0.26100806451612907
0 0.4002734375 0.4778024193548387 0.049015625 0.16157258064516128
0 0.01915625 0.47639112903225805 0.03484375 0.15729838709677418
0 0.107296875 0.8601814516129032 0.16778125 0.07213709677419355
0 0.19994531249999997 0.5784879032258065 0.07535937499999999 0.15600806451612903
2 0.6451640625000001 0.5272782258064516 0.16707812500000002 0.49350806451612905