2 0.2724397590361446 0.41011 0.4568674698795181 0.7663
2 0.646972891566265 0.17654 0.10936746987951808 0.22848
2 0.7740512048192771 0.13579 0.11521084337349398 0.1341
2 0.7461144578313252 0.28476999999999997 0.21421686746987953 0.21374
2 0.5495030120481927 0.32195999999999997 0.19942771084337346 0.15796000000000002
2 0.5034487951807228 0.16246000000000002 0.11605421686746989 0.17852
2 0.955105421686747 0.14033 0.08978915662650602 0.17158
2 0.8947138554216866 0.12447 0.0611144578313253 0.15538
2 0.44218373493975904 0.0917 0.08207831325301204 0.066
2 0.12956325301204819 0.20611 0.0641867469879518 0.09781999999999999
2 0.0782831325301205 0.22177999999999998 0.14403614457831326 0.07072
2 0.8269578313253012 0.11789 0.06012048192771085 0.09206
0 0.7490813253012047 0.33103 0.1546686746987952 0.09778
0 0.0336144578313253 0.38361 0.0672289156626506 0.1475
2 0.07680722891566265 0.14198 0.08771084337349398 0.10424
1 0.02811746987951807 0.30548000000000003 0.055512048192771085 0.01912
2 0.19879518072289157 0.146 0.39759036144578314 0.16