2 0.6335859375 0.334859375 0.164765625 0.46765625
2 0.7636562499999999 0.3889375 0.1653125 0.41956249999999995
2 0.90625 0.44375 0.1875 0.690625
2 0.5794531250000001 0.24910937500000002 0.08253125 0.23515625
2 0.48236718749999996 0.26140625 0.075828125 0.2324375
2 0.39609375 0.23121874999999997 0.03509375 0.11325
2 0.3001640625 0.24767187499999999 0.067640625 0.11903125
2 0.200671875 0.36771875000000004 0.13678125000000002 0.46187500000000004
2 0.23539062500000002 0.503375 0.46853125 0.9663125000000001
2 0.5258593749999999 0.284015625 0.06921875 0.22140624999999997
0 0.8122265625 0.366 0.029390624999999997 0.0658125
1 0.660109375 0.854484375 0.67978125 0.27415625
0 0.88721875 0.4960625 0.07518749999999999 0.309375
2 0.43481249999999994 0.26185937499999995 0.0729375 0.21021874999999998