0 0.7731666666666667 0.716609375 0.13454166666666667 0.23140624999999998
2 0.6471874999999999 0.5993125000000001 0.19175 0.5393125000000001
2 0.7681145833333333 0.5273203125 0.10347916666666666 0.295515625
2 0.32008333333333333 0.47014843749999996 0.22095833333333334 0.332671875
2 0.15437499999999998 0.5247734375 0.153 0.310109375
2 0.87790625 0.5584296875 0.10785416666666667 0.312359375
2 0.07460416666666667 0.41597656250000004 0.093875 0.134671875
2 0.76159375 0.4318046875 0.17952083333333332 0.203578125
2 0.46267708333333335 0.48842968750000004 0.23864583333333333 0.21526562500000002
2 0.07490625 0.662921875 0.1498125 0.60675
2 0.38295833333333335 0.40824999999999995 0.08775 0.11421875
1 0.4125520833333333 0.652734375 0.4125625 0.14350000000000002
2 0.9497916666666667 0.5148124999999999 0.09545833333333334 0.33828125
0 0.58175 0.8035390625 0.27758333333333335 0.300046875
2 0.5798333333333333 0.48842187499999995 0.051875 0.114125