2 0.5723125 0.5001041666666667 0.8535 0.9997916666666666
2 0.4690546875 0.3583645833333333 0.165484375 0.22889583333333335
2 0.3824765625 0.3073854166666667 0.10885937500000001 0.16047916666666667
2 0.3249140625 0.3315624999999999 0.144109375 0.305625
2 0.09146093749999999 0.3045625 0.122046875 0.25133333333333335
2 0.8502500000000002 0.2517395833333333 0.031468750000000004 0.05614583333333333
2 0.8888828125 0.30889583333333337 0.119140625 0.16983333333333334
2 0.2216328125 0.43483333333333335 0.21742187500000001 0.5595416666666666
2 0.1188203125 0.5824583333333334 0.237640625 0.7977500000000001
2 0.4334609374999999 0.30141666666666667 0.064515625 0.10866666666666666
2 0.4766953125000001 0.31175 0.055390625000000006 0.132375
2 0.46597656249999997 0.27334375000000005 0.017421875 0.0648125
0 0.9565859374999999 0.4751875 0.086828125 0.11254166666666668
0 0.9575781250000001 0.38153125 0.08484375 0.025270833333333336
0 0.8558984374999999 0.38467708333333334 0.057609375 0.012895833333333334
1 0.9186953124999999 0.41417708333333336 0.162609375 0.05502083333333333
0 0.4103671875 0.9216041666666667 0.049171875 0.1567916666666667
1 0.3414609375 0.5274583333333334 0.065140625 0.08800000000000001
2 0.9516953124999998 0.28853125 0.068140625 0.1000625