1 0.221921875 0.81434375 0.05665625 0.017104166666666667
1 0.31502343749999995 0.85740625 0.081484375 0.025229166666666667
2 0.854328125 0.8558541666666667 0.07353125 0.28829166666666667
2 0.5807968750000001 0.7252291666666667 0.04059375 0.12491666666666666
2 0.5374531250000001 0.7288125000000001 0.044875 0.14079166666666668
2 0.11253906250000001 0.8022395833333333 0.039859375 0.15627083333333333
2 0.15840625000000003 0.793625 0.055406250000000004 0.159375
2 0.0999296875 0.70525 0.033421875000000004 0.05483333333333333
2 0.0546953125 0.73240625 0.050921875000000005 0.09035416666666667
2 0.0209453125 0.71328125 0.030359375 0.07860416666666666
2 0.13055468750000002 0.7086874999999999 0.036859375 0.07175
2 0.25001562499999996 0.76403125 0.0581875 0.0934375
0 0.5047421875 0.8981458333333332 0.08985937499999999 0.14958333333333332
1 0.1986015625 0.7917500000000001 0.032578125 0.03320833333333333
1 0.251984375 0.7225 0.0348125 0.029666666666666668
1 0.63746875 0.8504895833333334 0.0640625 0.1143125
1 0.512328125 0.8260833333333333 0.07215625 0.020791666666666667
1 0.48912500000000003 0.7842604166666667 0.047843750000000004 0.03877083333333333
1 0.395109375 0.8107500000000001 0.05696875 0.05491666666666666
1 0.41915625 0.7699687500000001 0.045 0.045187500000000005
0 0.39136718750000005 0.9144687499999999 0.07485937499999999 0.1710625
0 0.29375 0.9270833333333334 0.109375 0.14583333333333334
0 0.20878125 0.87825 0.08671875 0.14395833333333333
1 0.317 0.764 0.02628125 0.009375
0 0.5766953125000001 0.8770520833333334 0.071390625 0.1356875
0 0.36996875 0.8299895833333333 0.0323125 0.06460416666666667
0 0.5500468749999999 0.8206770833333333 0.029375000000000002 0.0484375
0 0.6531171875 0.8569895833333334 0.069234375 0.11914583333333333
0 0.65746875 0.79515625 0.02553125 0.034854166666666665
0 0.44750781250000005 0.8742812499999999 0.055796875 0.12147916666666667
0 0.331734375 0.8156458333333333 0.044625 0.06333333333333332
0 0.29459375 0.77834375 0.02103125 0.04639583333333333
0 0.283625 0.822 0.024281249999999997 0.050583333333333334
0 0.31796875 0.78125 0.6296875 0.24583333333333332