0 0.18096874999999998 0.6211505681818181 0.0760625 0.18565340909090908
0 0.29222656249999995 0.6445028409090909 0.158734375 0.3803125
0 0.45297656249999996 0.6981960227272727 0.15201562500000002 0.4224715909090909
0 0.21475781250000003 0.25362215909090907 0.058765625 0.08474431818181817
0 0.25890625 0.24505681818181815 0.03428125 0.07068181818181818
0 0.156546875 0.23747159090909092 0.04071875 0.06494318181818182
2 0.0847578125 0.5104403409090909 0.160796875 0.9791193181818181
2 0.5233125 0.41018465909090907 0.09912499999999999 0.2749147727272727
2 0.4953125 0.5984090909090909 0.14603125 0.4521590909090909
2 0.3003984375 0.5478267045454547 0.190671875 0.4044602272727273
2 0.23174999999999998 0.3552698863636363 0.060343749999999995 0.1490625
1 0.6075625 0.5047159090909091 0.073625 0.15289772727272727
2 0.563890625 0.2799147727272727 0.061812500000000006 0.12397727272727273
2 0.184328125 0.46157670454545446 0.095375 0.2588920454545454
2 0.8757421875 0.79453125 0.180140625 0.3234943181818182
2 0.370296875 0.15661931818181818 0.016593749999999997 0.07818181818181819
2 0.14934375 0.16197443181818183 0.01615625 0.0603125
0 0.20342968749999998 0.37237215909090915 0.009734375 0.034914772727272725
1 0.7949999999999999 0.6025994318181819 0.32999999999999996 0.3012784090909091
1 0.41833593750000003 0.3493465909090909 0.158484375 0.2146590909090909
1 0.6159375 0.18566761363636364 0.13093749999999998 0.04139204545454545
2 0.026687499999999996 0.1535795454545454 0.012718750000000001 0.05119318181818182
2 0.672859375 0.5519460227272728 0.1714375 0.5376420454545454