0 0.12799836601307188 0.48724673202614377 0.08776143790849673 0.09485294117647058
0 0.30426470588235294 0.4405392156862745 0.02715686274509804 0.10542483660130718
0 0.3367238562091504 0.38245098039215686 0.057336601307189546 0.04300653594771242
0 0.4752941176470588 0.44950980392156864 0.08509803921568627 0.12519607843137256
0 0.4295098039215686 0.38407679738562095 0.028594771241830064 0.022565359477124184
0 0.5416503267973857 0.38298202614379084 0.034019607843137255 0.04357843137254902
0 0.41180555555555554 0.4622875816993464 0.039264705882352945 0.03225490196078431
0 0.39401143790849674 0.36857843137254903 0.023643790849673205 0.027647058823529413
1 0.17475490196078433 0.8974101307189543 0.30320261437908497 0.15586601307189543
1 0.49550653594771243 0.8617973856209151 0.32133986928104574 0.23594771241830068
1 0.3680718954248366 0.6284150326797386 0.4404248366013072 0.11653594771241829
1 0.4488480392156863 0.42522875816993466 0.13583333333333333 0.06957516339869281
2 0.20820261437908494 0.5204656862745097 0.23862745098039215 0.3387745098039216
2 0.39858660130718965 0.503545751633987 0.2494281045751634 0.23598039215686273
2 0.2099673202614379 0.20315359477124184 0.36856209150326796 0.250359477124183
2 0.09240196078431372 0.8318382352941177 0.1483986928104575 0.250343137254902
0 0.49254901960784314 0.3709640522875817 0.028398692810457513 0.028398692810457513
0 0.5640849673202615 0.727140522875817 0.05647058823529412 0.05264705882352941