0 0.8989062500000001 0.5649528301886793 0.12415625 0.3156132075471698
0 0.7911015625 0.547629716981132 0.108453125 0.26870283018867924
0 0.7009140625 0.5439504716981133 0.064046875 0.25733490566037737
0 0.6231953124999999 0.47466981132075475 0.079359375 0.1261320754716981
0 0.6679609375 0.4156603773584906 0.044953125 0.06509433962264151
0 0.5727734375000001 0.4100707547169811 0.042890625 0.11221698113207547
0 0.452453125 0.37700471698113214 0.046218749999999996 0.06316037735849057
0 0.47834374999999996 0.4859198113207547 0.061406249999999996 0.21264150943396226
0 0.5248125 0.4094103773584905 0.0305 0.10457547169811321
0 0.248109375 0.49174528301886794 0.06328125 0.18452830188679245
0 0.3183671875 0.510813679245283 0.102859375 0.2244103773584906
1 0.4886640625 0.7150943396226415 0.9206406250000001 0.5360377358490566
1 0.3625859375 0.41326650943396226 0.19464062499999998 0.07757075471698113
2 0.8122578125000001 0.4251179245283019 0.081765625 0.23438679245283017
2 0.7072499999999999 0.3368042452830189 0.08084375 0.17016509433962265
2 0.5886796875 0.34858490566037736 0.11114062499999999 0.19419811320754718
2 0.434171875 0.24606132075471698 0.05603125 0.15825471698113205
2 0.30996875 0.31102594339622647 0.047093750000000004 0.07238207547169812
2 0.40071874999999996 0.29318396226415094 0.03553125 0.0681132075471698
2 0.23613281250000004 0.41153301886792454 0.08151562500000001 0.18985849056603774
2 0.1954296875 0.34972877358490567 0.040609374999999996 0.10002358490566036
2 0.1898359375 0.3004127358490566 0.027734375 0.0913443396226415
2 0.23526562499999998 0.3022287735849057 0.04959375 0.08271226415094339
2 0.400484375 0.34356132075471696 0.0769375 0.125188679245283
1 0.80390625 0.5518867924528302 0.3921875 0.2759433962264151
2 0.1423828125 0.29840801886792456 0.043296875 0.08054245283018868
0 0.4846953125 0.38209905660377363 0.038828125000000005 0.050235849056603776
0 0.18985156250000002 0.4972051886792453 0.032890625 0.19525943396226417
2 0.53828125 0.3466981132075472 0.9109375 0.29245283018867924