0 0.5876953125 0.11602083333333332 0.025234374999999996 0.0545
0 0.7843515625 0.13083333333333333 0.018109375 0.05379166666666667
1 0.606171875 0.11417708333333333 0.08015625 0.07302083333333333
1 0.8245000000000001 0.13366666666666666 0.0280625 0.05291666666666666
2 0.1673828125 0.32542708333333337 0.182421875 0.6508541666666667
2 0.492859375 0.07969791666666667 0.14356249999999998 0.15939583333333335
2 0.38360156250000005 0.07928125 0.050078124999999994 0.15477083333333336
2 0.56425 0.07175 0.0265625 0.065625
2 0.424734375 0.07487500000000001 0.043 0.14950000000000002
2 0.5619531250000002 0.02875 0.018312500000000002 0.05416666666666667
0 0.66690625 0.10861458333333333 0.02709375 0.0180625
0 0.8290703125000001 0.13369791666666667 0.020546875 0.05702083333333333
2 0.9686562499999999 0.40421875 0.0626875 0.39918750000000003