0 0.4143203125 0.4805985915492958 0.049515625 0.12420187793427229
0 0.43895312499999994 0.42252347417840375 0.02371875 0.09392018779342723
0 0.42621875 0.4490140845070423 0.02878125 0.09098591549295774
0 0.27098437499999994 0.4215962441314554 0.02553125 0.11234741784037558
0 0.9511484375 0.8715492957746478 0.097703125 0.2556807511737089
0 0.283109375 0.5975704225352113 0.10521875 0.30199530516431927
1 0.56484375 0.7089201877934272 0.790625 0.5821596244131455
2 0.803984375 0.5456924882629107 0.38740625 0.6561737089201878
2 0.716484375 0.37940140845070425 0.19146875000000002 0.2606807511737089
2 0.49655468750000004 0.4005985915492958 0.122265625 0.2414319248826291
2 0.3564453125 0.44504694835680747 0.14460937499999998 0.4437558685446009
2 0.38492968749999995 0.2982863849765258 0.140265625 0.27431924882629105
2 0.4283046875 0.3660446009389671 0.030921874999999998 0.0826056338028169
2 0.254546875 0.38204225352112675 0.02496875 0.1047887323943662
2 0.184734375 0.6292136150234741 0.36646875 0.7190845070422535
2 0.203046875 0.3350117370892019 0.0511875 0.1801173708920188
0 0.7012109375 0.44772300469483567 0.024921875 0.0315962441314554
0 0.2943203125 0.39625586854460093 0.027890625000000002 0.06354460093896713
2 0.26432031250000004 0.3166431924882629 0.047421875 0.09680751173708921
0 0.17126562500000003 0.4167488262910798 0.042562499999999996 0.08523474178403756
0 0.57771875 0.41808685446009386 0.01509375 0.03509389671361502
2 0.55409375 0.39625586854460093 0.0418125 0.07068075117370892
0 0.1935078125 0.43973004694835677 0.041234375000000004 0.09434272300469483
0 0.6421875 0.4295774647887324 0.046875 0.03755868544600939