0 0.83240625 0.6424765258215962 0.18465625000000002 0.4429342723004695
0 0.770421875 0.26262910798122063 0.03896875 0.034413145539906105
1 0.4913984375 0.38611502347417836 0.527140625 0.09171361502347418
2 0.6228046875000001 0.5220070422535211 0.440234375 0.9232629107981221
2 0.118171875 0.26785211267605635 0.23334375000000002 0.41124413145539906
2 0.34039062499999995 0.17737089201877934 0.1068125 0.13408450704225353
2 0.4399218749999999 0.43937793427230043 0.24718749999999998 0.8194600938967136
2 0.8353046875000001 0.4272417840375587 0.19923437500000002 0.6943896713615023
2 0.9070937499999999 0.14240610328638498 0.08903124999999999 0.2106807511737089
2 0.282703125 0.1636737089201878 0.0688125 0.15279342723004696
2 0.1204140625 0.6799295774647887 0.240828125 0.6
0 0.714453125 0.2924765258215963 0.06734375000000001 0.08035211267605633
0 0.930296875 0.2676643192488263 0.032875 0.026737089201877937
0 0.6234375 0.9237089201877934 0.5828125 0.15258215962441316
1 0.840640625 0.2865727699530516 0.22246875 0.02211267605633803
1 0.061203125000000004 0.29776995305164317 0.12240625000000001 0.03469483568075117
2 0.9609375 0.4025821596244131 0.078125 0.42018779342723006
0 0.1504140625 0.676631455399061 0.18326562500000002 0.44415492957746483
0 0.431203125 0.5663262910798122 0.113375 0.2713849765258216
1 0.798921875 0.922781690140845 0.40215625 0.15443661971830988