1 0.3951953125 0.5119375 0.790390625 0.442625
1 0.7629374999999999 0.7352916666666667 0.474125 0.505875
1 0.613765625 0.22692708333333336 0.1251875 0.0459375
2 0.29410156249999997 0.6662916666666666 0.396078125 0.496625
2 0.5453281249999999 0.3393541666666667 0.15771875 0.25354166666666667
2 0.06587499999999999 0.5078854166666666 0.128375 0.36935416666666665
2 0.2663828125 0.28060416666666665 0.140109375 0.19420833333333334
2 0.9036562499999998 0.45809374999999997 0.19268749999999998 0.3468125
2 0.709640625 0.3680833333333334 0.16409374999999998 0.3062916666666667
2 0.7288671874999999 0.15178124999999998 0.037578125000000004 0.15327083333333333
0 0.739609375 0.4480625 0.16484375 0.16770833333333332
0 0.5466562500000001 0.3904583333333333 0.19037500000000002 0.08866666666666667
0 0.45364843750000006 0.3534791666666666 0.041140625 0.10095833333333333
0 0.34157031250000003 0.3218333333333333 0.035234375 0.07504166666666667
0 0.9689062500000001 0.22215624999999997 0.0463125 0.10927083333333334
0 0.8079218750000001 0.21603124999999998 0.0445625 0.03510416666666667
0 0.607 0.28158333333333335 0.06637499999999999 0.14129166666666665
0 0.519234375 0.25195833333333334 0.03903125 0.13316666666666668
1 0.8689375 0.27709374999999997 0.18621875000000002 0.0859375
2 0.38058593749999997 0.2969375 0.129484375 0.22420833333333334
0 0.07103125 0.8039166666666666 0.14025 0.39075
0 0.15546875 0.834375 0.1796875 0.33125
0 0.4189140625 0.90403125 0.357828125 0.19193749999999998
1 0.41759375 0.27719791666666665 0.1806875 0.07831250000000001
1 0.6116875 0.7811354166666666 0.76753125 0.43772916666666667
1 0.9487499999999999 0.24578124999999998 0.0348125 0.06135416666666667
1 0.848921875 0.20731249999999998 0.09712499999999999 0.040125
0 0.159421875 0.30052083333333335 0.06609374999999999 0.076375
1 0.188234375 0.28041666666666665 0.1130625 0.07791666666666666
0 0.7734375 0.19375 0.0625 0.075