0 0.1333984375 0.49192708333333335 0.039734375 0.07827083333333333
0 0.4375078125 0.489625 0.076765625 0.059958333333333336
2 0.059234375000000006 0.3101770833333334 0.016625 0.029104166666666667
2 0.79525 0.33998958333333335 0.026750000000000003 0.048937499999999995
2 0.2664140625 0.3154166666666667 0.021296875 0.042583333333333334
2 0.0944609375 0.31607291666666665 0.014328125 0.06272916666666667
0 0.6445078125 0.51378125 0.09914062500000001 0.0734375
1 0.088484375 0.62809375 0.17696875 0.24493749999999997
1 0.7221875000000001 0.6089791666666667 0.3016875 0.16629166666666664
2 0.02640625 0.30533333333333335 0.018312500000000002 0.04883333333333333
0 0.1619375 0.33409375 0.014499999999999999 0.0179375