2 0.37246875 0.6921354166666667 0.1955 0.5932708333333333
2 0.15660156249999999 0.6822812500000001 0.194703125 0.6117291666666667
2 0.0304765625 0.5751666666666666 0.060953125 0.14875000000000002
1 0.035546875 0.6927916666666666 0.07109375 0.03575
1 0.8208203124999999 0.8007916666666667 0.358359375 0.3702083333333333
0 0.60178125 0.7828958333333333 0.11621875 0.23870833333333333
0 0.455296875 0.7529479166666666 0.09646875 0.23810416666666667
0 0.8705078125 0.8550625000000001 0.207296875 0.2629166666666667
0 0.8866406249999998 0.7662916666666667 0.05437499999999999 0.15629166666666666
0 0.8162499999999999 0.6839270833333333 0.03578125 0.1159375
0 0.7283437499999998 0.7595416666666667 0.13146875 0.31275000000000003
0 0.2948828125 0.7498854166666666 0.087328125 0.22272916666666667
0 0.847671875 0.7173541666666666 0.0464375 0.13649999999999998
0 0.22853125 0.6401770833333332 0.05059375000000001 0.08164583333333333
0 0.9840937499999999 0.9129895833333334 0.0318125 0.1220625
1 0.36196874999999995 0.7040104166666666 0.32525 0.0545625
1 0.6169609375 0.731125 0.17901562499999998 0.043250000000000004