0 0.8926061320754717 0.442703125 0.16125 0.10153125
1 0.5 0.7426484375 1 0.514703125
2 0.6156014150943396 0.366890625 0.4377594339622642 0.42212500000000003
0 0.9005306603773585 0.467078125 0.0527122641509434 0.05746875
2 0.893066037735849 0.3655703125 0.06495283018867924 0.053296875
2 0.2233490566037736 0.3746640625 0.04990566037735849 0.042328125
0 0.3370990566037736 0.5354609375 0.14188679245283017 0.112328125
0 0.9816863207547171 0.44585156249999996 0.03653301886792453 0.08054687499999999
0 0.35070754716981134 0.5152109375 0.09476415094339623 0.050546875000000005
0 0.07297169811320754 0.5637265625000001 0.13849056603773585 0.11114062499999999
2 0.18451650943396225 0.38307812500000005 0.04785377358490566 0.029343750000000002