0 0.20889000000000002 0.9511066666666668 0.29698 0.0852
2 0.5561799999999999 0.5024000000000001 0.6708 0.9685333333333334
2 0.34465999999999997 0.3977466666666667 0.14664 0.19325333333333333
2 0.19899 0.5226933333333333 0.09318000000000001 0.4108266666666667
2 0.93062 0.6380533333333333 0.13876 0.7238933333333333
2 0.7593000000000001 0.4448266666666666 0.14696 0.21621333333333334
2 0.8888400000000001 0.6322666666666665 0.1098 0.5037866666666666
2 0.87217 0.40919999999999995 0.06402 0.23029333333333332
2 0.6572800000000001 0.38332 0.056159999999999995 0.15992
2 0.70321 0.3853866666666666 0.04254 0.11557333333333335
1 0.27716999999999997 0.5205599999999999 0.38689999999999997 0.20554666666666666
2 0.7927700000000001 0.4558933333333334 0.05414 0.24773333333333336
2 0.96049 0.41416000000000003 0.061939999999999995 0.12896