0 0.12514583333333335 0.8963203125 0.2465416666666667 0.20173437500000002
1 0.5171875 0.8644609374999999 0.6192916666666667 0.208390625
2 0.37437499999999996 0.46432031250000005 0.23829166666666665 0.16507812500000002
2 0.23852083333333335 0.5018984375000001 0.21258333333333335 0.20210937499999998
2 0.6924895833333333 0.43836718750000003 0.12952083333333334 0.153859375
2 0.8269687500000001 0.7325859374999999 0.3415625 0.48989062499999997
2 0.39940625 0.449609375 0.06702083333333334 0.0640625
2 0.6371562500000001 0.43471093750000006 0.0915625 0.135359375
2 0.95159375 0.52275 0.09589583333333333 0.19640625
1 0.48239583333333336 0.7142265624999999 0.43145833333333333 0.112359375
2 0.7131041666666665 0.4720546875 0.17379166666666668 0.211234375
2 0.5535937499999999 0.39403125 0.11597916666666667 0.0685625
0 0.07571875 0.7858046875 0.1514375 0.097046875
0 0.19707291666666665 0.6844765625 0.07814583333333333 0.06442187499999999
1 0.46286458333333336 0.6134921875 0.4380625 0.102953125
1 0.4763645833333333 0.5523203125 0.2484375 0.038796874999999995
1 0.5425104166666668 0.5140234375 0.12477083333333333 0.015015625
1 0.5457083333333334 0.45473437499999997 0.12995833333333334 0.025
2 0.15466666666666665 0.7243124999999999 0.3093333333333333 0.5247499999999999
2 0.7769895833333335 0.536125 0.27722916666666664 0.28109375000000003
0 0.7320625 0.52621875 0.182875 0.1271875
0 0.6681770833333334 0.5272421875 0.059770833333333336 0.018109375
2 0.1495 0.56953125 0.2954583333333333 0.30978125
1 0.5784374999999999 0.47193749999999995 0.09075000000000001 0.011
2 0.25121875 0.47241406250000006 0.09647916666666667 0.149234375