0 0.6469296875000001 0.15730046948356805 0.11517187499999999 0.3056338028169014
0 0.9734375 0.07629107981220658 0.053125 0.04460093896713615
0 0.26176562499999995 0.2618075117370892 0.23034374999999999 0.3168544600938967
1 0.5007109375000001 0.6269483568075117 0.995453125 0.7152582159624413
2 0.11468750000000001 0.30517605633802813 0.22937500000000002 0.6058450704225351
2 0.46099218749999993 0.18975352112676055 0.199390625 0.3795070422535211
2 0.22464843749999996 0.22941314553990608 0.23004687499999998 0.4552112676056338
1 0.2984140625 0.23890845070422537 0.294171875 0.3498356807511737
2 0.3376953125 0.05732394366197183 0.161703125 0.10985915492957746
0 0.30056250000000007 0.26654929577464787 0.031125000000000003 0.04197183098591549
0 0.9667343749999999 0.0527112676056338 0.06653125 0.1054225352112676