0 0.0655859375 0.4785833333333333 0.127796875 0.23541666666666666
0 0.35222656249999995 0.3346458333333333 0.048671874999999996 0.18808333333333332
0 0.98146875 0.43539583333333337 0.0370625 0.12133333333333333
0 0.7825234375 0.3823229166666666 0.230671875 0.26510416666666664
2 0.8444843750000001 0.4544270833333333 0.31103125 0.32468749999999996
2 0.756671875 0.33787500000000004 0.19696875 0.2851666666666667
2 0.8203125 0.14464583333333333 0.20646874999999998 0.28929166666666667
2 0.5641953125000001 0.16313541666666664 0.108109375 0.1959375
2 0.520234375 0.3728020833333333 0.2570625 0.2781041666666667
2 0.44841406250000004 0.24279166666666666 0.186265625 0.4544583333333333
1 0.5008437499999999 0.7835833333333333 0.9983124999999999 0.391
0 0.5316328125 0.38219791666666664 0.210203125 0.0969375
0 0.192578125 0.6249166666666668 0.383 0.23670833333333335
0 0.846875 0.634375 0.30625 0.20833333333333334
0 0.6748749999999999 0.15835416666666666 0.09446875 0.06845833333333333
0 0.771203125 0.1844375 0.09790625 0.10441666666666666
2 0.19782812500000002 0.41689583333333335 0.35325 0.3794583333333333
1 0.66696875 0.30663541666666666 0.20975000000000002 0.26685416666666667