1 0.3935390625 0.77940625 0.783703125 0.4179791666666667
2 0.7490234375 0.6217916666666667 0.501953125 0.5631666666666667
2 0.24215625 0.5921875 0.4843125 0.4887916666666667
0 0.039609375 0.7640416666666666 0.07921875 0.4404583333333333
0 0.2530546875 0.5837395833333333 0.085859375 0.19027083333333333
0 0.6940546875 0.45951041666666664 0.12054687500000001 0.17772916666666666
0 0.8752421874999999 0.4453645833333333 0.075171875 0.09939583333333334
0 0.632109375 0.39937500000000004 0.041999999999999996 0.11104166666666666
0 0.7363671875000001 0.36682291666666667 0.040984375 0.03389583333333333
0 0.5860078124999999 0.34590624999999997 0.025859375 0.0206875
0 0.664609375 0.34746875 0.03384375 0.025395833333333333
1 0.7223125 0.43971875 0.061843749999999996 0.09302083333333333
2 0.9014140625 0.92825 0.197171875 0.1435
0 0.88084375 0.7966041666666667 0.2383125 0.3065
1 0.690828125 0.3659166666666667 0.08984375 0.020958333333333336