0 0.1443984375 0.6785625000000001 0.08354687499999999 0.15641666666666668
0 0.0462421875 0.6105833333333333 0.033734375 0.043041666666666666
0 0.034453125 0.6167395833333333 0.056906250000000005 0.0309375
2 0.4622578125 0.57184375 0.640484375 0.8563124999999999
2 0.59246875 0.53653125 0.3664375 0.9041041666666667
2 0.08553125 0.8679166666666666 0.1710625 0.26416666666666666
2 0.08665624999999999 0.5994166666666667 0.06603125 0.12129166666666666
0 0.039453125 0.6395625 0.056281250000000005 0.030875
0 0.09009375 0.7283124999999999 0.056437499999999995 0.17300000000000001
1 0.03546875 0.6774479166666667 0.0709375 0.0658125
0 0.0332890625 0.7169583333333333 0.066578125 0.10287500000000001
1 0.15010937500000002 0.5888437500000001 0.07259375 0.05202083333333333
0 0.176234375 0.7041145833333334 0.017812500000000002 0.08460416666666666