0 0.24020312500000002 0.5296805555555556 0.038625 0.05363888888888889
1 0.2670625 0.48640277777777785 0.0400625 0.008972222222222222
2 0.16848437499999996 0.503361111111111 0.05165625 0.13066666666666665
2 0.19128124999999999 0.4256527777777778 0.0170625 0.06125
2 0.10716406250000002 0.4985 0.052078124999999996 0.15288888888888888
2 0.6996015624999999 0.4876111111111111 0.047546875 0.13677777777777778
0 0.16116406249999998 0.5254722222222222 0.040453125 0.06949999999999999
0 0.09618750000000001 0.5357222222222222 0.03621875 0.07788888888888888
1 0.1285078125 0.4891388888888889 0.023296875 0.027222222222222224
2 0.2890703125 0.4939722222222222 0.040609374999999996 0.1383888888888889
2 0.272859375 0.48840277777777774 0.02525 0.11080555555555556
2 0.09707812499999999 0.4139305555555555 0.017687500000000002 0.03875
2 0.9540234374999998 0.43675 0.045390625000000004 0.1041111111111111
2 0.22664843750000002 0.49301388888888886 0.055546874999999996 0.13808333333333334
1 0.8193671874999999 0.4967222222222222 0.052171875 0.05077777777777778
1 0.6888515625 0.4791666666666667 0.021890625 0.005722222222222222
2 0.1510078125 0.47388888888888886 0.021078125 0.09450000000000001
2 0.5163125000000001 0.41911111111111116 0.02190625 0.06538888888888889
0 0.7168593750000001 0.5309305555555556 0.01403125 0.043694444444444445
1 0.0092265625 0.49561111111111117 0.018453125 0.011222222222222222