2 0.534453125 0.7049530516431924 0.3403125 0.56981220657277
2 0.6716171875 0.6610328638497653 0.12892187500000002 0.6081220657276996
2 0.46189062499999994 0.5038732394366197 0.05337499999999999 0.194037558685446
0 0.0246171875 0.746244131455399 0.045703125 0.3427699530516432
2 0.16715625 0.5416666666666666 0.22337500000000002 0.9121596244131455
2 0.9356171875000001 0.5449413145539905 0.127140625 0.42021126760563376
2 0.753640625 0.6222887323943662 0.08190625 0.48481220657276997
2 0.28030468750000004 0.5310328638497652 0.075109375 0.2036150234741784
2 0.047859374999999996 0.582018779342723 0.08975 0.6157276995305164
2 0.3770234375 0.6373004694835681 0.105421875 0.48577464788732394
2 0.5036328125 0.44997652582159625 0.077921875 0.21605633802816904
2 0.6126484375 0.5261619718309859 0.052234375 0.3542488262910798
2 0.8393515624999999 0.5747652582159625 0.077015625 0.3103286384976526
1 0.86484375 0.8650234741784038 0.265625 0.2699530516431925
2 0.8012890625000001 0.5005046948356807 0.024046875000000002 0.09715962441314555
2 0.24921875 0.6373239436619719 0.3796875 0.5563380281690141