0 0.9890625 0.9171428571428571 0.0203125 0.1657142857142857
0 0.35565625 0.3983285714285714 0.04553125 0.10425714285714287
0 0.3974765625 0.4128428571428572 0.016578125 0.06065714285714286
2 0.20109375 0.4843 0.1765625 0.5695142857142858
2 0.3034765625 0.3933285714285714 0.130296875 0.29728571428571426
2 0.4953984374999999 0.32724285714285717 0.053984374999999994 0.2936857142857143
2 0.8017031250000001 0.5966285714285714 0.39659374999999997 0.8067428571428572
2 0.7040859375 0.40604285714285715 0.09210937500000001 0.22917142857142855
2 0.7371484374999999 0.4165857142857143 0.122140625 0.27534285714285717
2 0.7929921875 0.42001428571428573 0.17585937499999998 0.38448571428571426
2 0.4524296875 0.3836285714285714 0.117984375 0.2694857142857143
2 0.5467265625 0.28202857142857146 0.085234375 0.31394285714285713
2 0.1829609375 0.555557142857143 0.363234375 0.8642000000000001
2 0.6047968750000001 0.3894000000000001 0.13468750000000002 0.30542857142857144
1 0.492984375 0.6921857142857143 0.51996875 0.6156285714285714
2 0.353703125 0.3146714285714286 0.03803125 0.08265714285714286
0 0.7264453124999999 0.43797142857142857 0.053578125 0.09748571428571427