0 0.8590546874999999 0.699375 0.076234375 0.29341666666666666
0 0.9417265624999999 0.6835625 0.11654687500000001 0.2927916666666667
1 0.33295312499999996 0.75325 0.6524687499999999 0.4529166666666667
2 0.2068359375 0.7881145833333334 0.413671875 0.4013541666666667
2 0.70196875 0.5258437499999999 0.27134375 0.3865208333333333
2 0.562921875 0.5123645833333333 0.13146875 0.2471875
2 0.482671875 0.45815625 0.1211875 0.23597916666666666
2 0.2723125 0.47959375000000004 0.19778125 0.2559791666666667
2 0.0889921875 0.5096875 0.177984375 0.24404166666666666
2 0.72809375 0.7988750000000001 0.42134375 0.37079166666666663
0 0.9684687499999999 0.4583229166666667 0.0630625 0.11885416666666666
2 0.9769375 0.46510416666666665 0.046125 0.17870833333333333