0 0.2749921875 0.937295081967213 0.089390625 0.12540983606557377
0 0.8404296875 0.9444145199063233 0.10307812499999999 0.08798594847775176
0 0.5638828124999999 0.9050117096018737 0.074609375 0.14622950819672131
0 0.75625 0.9238875878220141 0.0828125 0.1522248243559719
0 0.430859375 0.9314285714285714 0.1268125 0.1101639344262295
0 0.30100781249999997 0.9120725995316159 0.11304687499999999 0.16943793911007024
1 0.5984375 0.9402810304449649 0.3203125 0.11943793911007025
2 0.3571640625 0.8101053864168619 0.153640625 0.3137470725995316
2 0.57165625 0.6855269320843091 0.06734375000000001 0.26913348946135834
2 0.23767187500000003 0.781943793911007 0.08946875 0.21662763466042154
2 0.1625859375 0.7358899297423888 0.08645312499999999 0.1943559718969555
2 0.5368359375 0.6426580796252928 0.061921875 0.20063231850117097
2 0.48434375 0.6753864168618267 0.05109375000000001 0.2184543325526932
2 0.4449921875 0.6117564402810304 0.037328125000000004 0.10341920374707259
2 0.38445312499999995 0.6100936768149883 0.0688125 0.13227166276346602
2 0.39706249999999993 0.741768149882904 0.067625 0.14175644028103046
0 0.4584921875 0.9176463700234192 0.112890625 0.15398126463700235
0 0.033375 0.7805620608899297 0.06675 0.05433255269320843
0 0.071609375 0.9106791569086652 0.0408125 0.145807962529274
2 0.042796875 0.7343325526932084 0.08156250000000001 0.14988290398126464
2 0.4722578125 0.5913466042154567 0.025296875000000003 0.05899297423887588
2 0.7599609375 0.6470257611241218 0.063734375 0.1451990632318501
0 0.1390625 0.8677400468384074 0.14525 0.06911007025761125
0 0.10670312500000001 0.810128805620609 0.0535625 0.05313817330210773
1 0.1363828125 0.9015807962529273 0.16048437499999998 0.07126463700234192
1 0.4676875000000001 0.8249063231850118 0.0930625 0.06475409836065574
2 0.8238750000000001 0.6386416861826698 0.052968749999999995 0.1360655737704918
2 0.44609375 0.629976580796253 0.8921875 0.1873536299765808