0 0.8106796875000001 0.33917708333333335 0.08154687499999999 0.29118750000000004
0 0.68225 0.2758333333333333 0.13359375 0.3149166666666667
0 0.21267968749999996 0.4252708333333333 0.080703125 0.16629166666666664
0 0.97265625 0.18229166666666666 0.0546875 0.0875
1 0.5 0.7319687500000001 1 0.5360625
2 0.4068203125 0.30889583333333337 0.42535937500000004 0.5050833333333333
2 0.7028125000000001 0.18876041666666668 0.13146875 0.17977083333333335
2 0.8061718750000001 0.24570833333333336 0.1686875 0.40908333333333335
0 0.9024609375000001 0.18632291666666667 0.039765625 0.07868750000000001
1 0.9156015625 0.26557291666666666 0.168796875 0.0811875
0 0.1740234375 0.369875 0.017890625 0.022833333333333334