2 0.49621875 0.8033564814814815 0.15437499999999998 0.3834259259259259
2 0.6463671875 0.7288425925925927 0.166390625 0.33550925925925923
2 0.700109375 0.5583912037037038 0.08825 0.17326388888888888
2 0.37525000000000003 0.5740393518518518 0.095125 0.239375
2 0.7984843749999999 0.5165740740740741 0.06271875 0.21518518518518517
2 0.27303125 0.6247222222222222 0.11528125 0.2426851851851852
2 0.16796875 0.8634259259259259 0.240625 0.27314814814814814
2 0.4638046875 0.5281134259259259 0.09260937500000001 0.18900462962962963
2 0.534328125 0.49351851851851847 0.088 0.1877777777777778
2 0.11753125 0.6610879629629629 0.12296875 0.19162037037037039
0 0.77475 0.7467708333333334 0.076875 0.29858796296296297
0 0.8215 0.6567476851851852 0.059750000000000004 0.24479166666666666
0 0.86196875 0.6276041666666666 0.06909375 0.26131944444444444
0 0.9047656250000001 0.5559722222222222 0.044875 0.21555555555555556
0 0.9292109375 0.5116898148148148 0.042671875 0.19083333333333333
0 0.9639140625000001 0.48127314814814814 0.062390625 0.18273148148148147
0 0.03325 0.7034143518518519 0.0665 0.23914351851851853
1 0.289609375 0.4942824074074074 0.31359375 0.16953703703703701
1 0.9859375 0.8298611111111112 0.028125 0.12962962962962962
1 0.25598437500000004 0.4816435185185185 0.039625 0.05416666666666666
2 0.5851796875000002 0.4743055555555556 0.07257812500000001 0.15680555555555553
0 0.20240624999999998 0.6285069444444444 0.05437499999999999 0.20215277777777776
0 0.3102578125 0.5481712962962964 0.050984375000000005 0.11458333333333333
0 0.558125 0.9080555555555555 0.10003124999999999 0.18388888888888888
0 0.40826562499999997 0.4990509259259259 0.03365625 0.09449074074074074
2 0.684890625 0.42224537037037035 0.061875 0.1474537037037037
2 0.7211953125 0.4034375 0.040453125 0.124375
1 0.4708046875 0.679849537037037 0.621203125 0.5125231481481481
0 0.956984375 0.3588310185185185 0.029281249999999998 0.07150462962962963
0 0.52109375 0.6574074074074074 0.7578125 0.6805555555555556
2 0.49921875 0.5717592592592593 0.9984375 0.625