2 0.044710937500000006 0.45321874999999995 0.026421875 0.04439583333333333
2 0.1546328125 0.40269791666666666 0.010078125 0.015770833333333335
2 0.2562109375 0.3989062500000001 0.008796875 0.017145833333333336
2 0.090734375 0.4210520833333333 0.00865625 0.0173125
2 0.10221093749999999 0.43447916666666664 0.016421875 0.035833333333333335
0 0.0152890625 0.47681250000000003 0.030578125 0.094
0 0.0498671875 0.4709583333333333 0.037078125 0.09491666666666668
0 0.0783125 0.48098958333333336 0.022 0.06177083333333333
2 0.21671875 0.4139583333333333 0.05603125 0.08820833333333335
0 0.09842187499999999 0.4695104166666667 0.01678125 0.06914583333333332
1 0.0119453125 0.46714583333333337 0.023890625 0.008166666666666666
1 0.0076328125 0.4238958333333334 0.015265625 0.004625000000000001
1 0.04826562499999999 0.42552083333333335 0.017343749999999998 0.006458333333333333
2 0.0737421875 0.4269375 0.012203124999999999 0.010416666666666666
2 0.14265624999999998 0.4027604166666666 0.01546875 0.015395833333333333
2 0.46606249999999994 0.5005833333333334 0.011 0.035333333333333335