0 0.5056499999999999 0.80968 0.11774 0.24730666666666665
0 0.74113 0.7785066666666667 0.1113 0.20645333333333335
2 0.8319200000000001 0.7737999999999999 0.22063999999999998 0.3004
2 0.84594 0.6650133333333332 0.11564 0.21455999999999997
2 0.71207 0.5830799999999999 0.03154 0.09975999999999999
2 0.5523100000000001 0.5989333333333334 0.04642 0.12261333333333332
2 0.35773 0.5790399999999999 0.06470000000000001 0.08773333333333333
2 0.92313 0.8268933333333333 0.15374000000000002 0.3462133333333334
2 0.9034 0.5846133333333334 0.045439999999999994 0.11375999999999999
2 0.08829 0.6310399999999999 0.08726 0.23151999999999998
2 0.20873 0.7360666666666666 0.29658 0.5278666666666666
2 0.49362 0.6921733333333333 0.10748 0.22850666666666666
2 0.58808 0.6564666666666666 0.08468 0.20898666666666668
2 0.59696 0.5378133333333335 0.03388 0.0648
0 0.37682000000000004 0.8577199999999999 0.1482 0.2790666666666667
0 0.8359800000000001 0.8906666666666667 0.21447999999999998 0.21381333333333336
0 0.604 0.7407733333333333 0.05776 0.15210666666666667
0 0.41534999999999994 0.6422133333333333 0.03618 0.08170666666666666
0 0.4482 0.6497733333333333 0.03376 0.08904000000000001
0 0.62637 0.64564 0.0357 0.050800000000000005
0 0.68638 0.6311466666666666 0.056119999999999996 0.04805333333333333
0 0.7377800000000001 0.6231866666666668 0.05068 0.047760000000000004
1 0.7245999999999999 0.74416 0.18708000000000002 0.19904
1 0.42571 0.8005466666666666 0.06014 0.23624
2 0.27588 0.6080933333333334 0.0772 0.08754666666666666
2 0.488 0.7106666666666667 0.976 0.49333333333333335