0 0.8481250000000001 0.5664155844155844 0.061968749999999996 0.06867532467532468
1 0.3637734375 0.7223506493506494 0.339703125 0.5270389610389611
2 0.4960078125000001 0.6002857142857143 0.171015625 0.7171948051948052
2 0.437875 0.5107922077922078 0.06890625 0.4313506493506493
2 0.2736328125 0.4425064935064935 0.109453125 0.23836363636363636
2 0.2142578125 0.5209999999999999 0.157984375 0.35929870129870134
2 0.1983359375 0.6757272727272726 0.239015625 0.5337402597402597
2 0.1281015625 0.6547012987012987 0.253359375 0.687064935064935
2 0.2292265625 0.45493506493506497 0.088390625 0.281974025974026
2 0.8627109374999999 0.5080519480519481 0.052515624999999996 0.15974025974025974
2 0.403609375 0.4010909090909091 0.056781250000000005 0.16815584415584414
2 0.6664453124999999 0.5235974025974025 0.270359375 0.9258441558441558
2 0.2816328125 0.42694805194805197 0.083078125 0.20937662337662338
2 0.44098437500000004 0.27035064935064934 0.05271875 0.10059740259740259
0 0.8802031250000001 0.7339610389610389 0.08390625 0.21036363636363636
2 0.34303125 0.3841818181818182 0.05384375 0.1481038961038961
2 0.6171875 0.4883116883116883 0.7625 0.37922077922077924