0 0.5761484375000001 0.4589227166276346 0.044296875 0.09653395784543325
0 0.6327734374999999 0.39177985948477756 0.029046875 0.023653395784543323
0 0.8616171874999999 0.508231850117096 0.047390625 0.11206088992974239
0 0.6250312499999999 0.4520608899297424 0.02809375 0.09498829039812647
0 0.5798203125000001 0.39717798594847775 0.029265625 0.033747072599531615
1 0.5997421875000001 0.4472365339578454 0.072421875 0.1146135831381733
2 0.5356640625 0.5359836065573771 0.07132812499999999 0.08695550351288057
0 0.6482968749999999 0.44482435597189696 0.02215625 0.08599531615925059
1 0.6260312499999999 0.6555152224824355 0.1635 0.2153864168618267
0 0.06862499999999999 0.6653512880562061 0.12046874999999999 0.13697892271662765
0 0.057296875000000004 0.6149297423887587 0.11325 0.14208430913348946
0 0.8058515624999998 0.4622599531615926 0.037609375 0.04765807962529274
0 0.7415937499999998 0.4471662763466042 0.04228125 0.04224824355971897