0 0.28571875 0.88775 0.21768749999999998 0.18366666666666667
0 0.1335078125 0.81265625 0.08595312499999999 0.2728541666666667
2 0.23696875 0.7032604166666666 0.262125 0.48972916666666666
0 0.45131249999999995 0.9426770833333333 0.05450000000000001 0.09547916666666666
0 0.39015625000000004 0.8291875000000001 0.06959375 0.15979166666666667
1 0.24867187500000001 0.9584375 0.49734375000000003 0.08312499999999999
2 0.11453906250000001 0.4237083333333333 0.042734375000000005 0.10983333333333332
2 0.710953125 0.2554375 0.030156250000000002 0.06225
2 0.6844140624999999 0.2557916666666667 0.017828125 0.059125
2 0.7967109375 0.5311979166666666 0.041765625 0.058270833333333334
2 0.5621015625 0.44513541666666673 0.029484375 0.06789583333333334
0 0.3233984375 0.6121874999999999 0.031234374999999998 0.06383333333333334
2 0.6507890625 0.5847916666666666 0.122953125 0.28379166666666666