0 0.2684296875 0.9447540983606557 0.188640625 0.11049180327868853
0 0.4319609375000001 0.93903981264637 0.124890625 0.12192037470725996
0 0.7268203125 0.9344964871194379 0.064578125 0.1310070257611241
0 0.8109375 0.9262295081967213 0.10625 0.14754098360655737
0 0.885453125 0.9227868852459016 0.04934375 0.1543793911007026
0 0.7058281249999999 0.9263583138173302 0.0448125 0.1472833723653396
1 0.5921640625 0.8279039812646369 0.28385937499999997 0.029672131147540984
2 0.8403593749999999 0.8280913348946135 0.1154375 0.267423887587822
2 0.72053125 0.7852341920374708 0.03209375 0.09121779859484778
2 0.69040625 0.7879742388758783 0.024656249999999998 0.08362997658079625
2 0.7528359375 0.7851053864168619 0.027234374999999998 0.0876814988290398
1 0.7970703124999999 0.83096018735363 0.030640624999999998 0.030772833723653397
2 0.3872421875 0.8036299765807962 0.030171874999999997 0.05779859484777518
2 0.6958203125 0.7730327868852459 0.005703125 0.023442622950819673
1 0.23782031250000002 0.8403747072599531 0.47564062500000004 0.05536299765807963