1 0.37782031250000003 0.5955152224824356 0.185921875 0.14381733021077284
1 0.8890703125 0.5838875878220141 0.128515625 0.034192037470725994
2 0.224953125 0.5219203747072599 0.14821875 0.23597189695550352
2 0.31854687500000006 0.4696135831381733 0.07175000000000001 0.13585480093676813
2 0.5079921875 0.5020491803278688 0.037890625 0.06311475409836065
2 0.5548203125000001 0.5031967213114754 0.104421875 0.12096018735362997
2 0.7768750000000001 0.5696252927400468 0.10228124999999999 0.19672131147540983
2 0.6567734375 0.5060538641686183 0.034390625 0.07459016393442623
2 0.9791640625 0.523864168618267 0.028171875000000002 0.04674473067915691
0 0.6707656249999999 0.6214285714285714 0.09281249999999999 0.16833723653395782
0 0.5423984374999999 0.6538290398126464 0.068953125 0.08704918032786886
0 0.8154375 0.6182786885245901 0.0214375 0.058618266978922716
0 0.47675 0.6098360655737705 0.04865625 0.1543793911007026
0 0.6121484375 0.6337939110070256 0.044296875 0.09292740046838407
2 0.8939296875 0.5254332552693208 0.027296874999999998 0.04154566744730679
2 0.71996875 0.502903981264637 0.0391875 0.056768149882903976
2 0.4363046875 0.52288056206089 0.118453125 0.3029976580796253
2 0.8790390625000001 0.5258899297423888 0.014359374999999999 0.030140515222482435
1 0.6664531250000001 0.5432903981264636 0.14525 0.01622950819672131
1 0.8403281249999999 0.5586885245901639 0.030593749999999996 0.029508196721311476
2 0.8328749999999999 0.5066627634660421 0.03628125 0.061241217798594844
2 0.0941796875 0.49277517564402806 0.030046875 0.043021077283372365
0 0.34246875 0.6196604215456674 0.0403125 0.016416861826697892
0 0.14284375 0.5839695550351288 0.0599375 0.10320843091334894
0 0.28784375 0.5974941451990632 0.1326875 0.13283372365339577
2 0.15234375 0.4882903981264637 0.0390625 0.08196721311475409