2 0.64098 0.8123652694610778 0.2762 0.35281437125748505
2 0.84478 0.8031736526946107 0.27248 0.3936526946107784
2 0.73973 0.656811377245509 0.16138 0.2885928143712575
2 0.38057 0.6155389221556886 0.18225999999999998 0.2941916167664671
2 0.45633999999999997 0.46516467065868267 0.13812 0.28763473053892213
2 0.34315 0.47366766467065874 0.06645999999999999 0.14296407185628743
2 0.3391799999999999 0.4092365269461078 0.13168000000000002 0.16979041916167664
2 0.91051 0.3555688622754491 0.01886 0.05227544910179641
2 0.9481099999999999 0.4044011976047904 0.03362 0.05227544910179641
2 0.63868 0.48251497005988025 0.08448 0.13491017964071858
2 0.129 0.8547904191616766 0.258 0.2904191616766467
2 0.71672 0.41131736526946105 0.053880000000000004 0.07359281437125748
0 0.0313 0.801691616766467 0.0626 0.3166766467065868
0 0.58869 0.5810029940119761 0.05622 0.11362275449101797
0 0.94865 0.6855389221556886 0.08802 0.19790419161676645
0 0.9745799999999999 0.6737724550898203 0.05084 0.21910179640718566
0 0.5653400000000001 0.6576347305389222 0.08072 0.09988023952095808
1 0.4957 0.8542664670658683 0.6226799999999999 0.29146706586826343
1 0.18731 0.6328892215568862 0.30842 0.20044910179640718
1 0.67345 0.5901946107784432 0.13786 0.1396107784431138
1 0.83525 0.4702694610778444 0.0319 0.0225748502994012
1 0.5538 0.4733982035928144 0.06232 0.0824251497005988
0 0.93398 0.7728293413173652 0.074 0.14583832335329341
0 0.98064 0.8557035928143712 0.03544 0.14044910179640718
0 0.94903 0.5572305389221557 0.04114 0.09703592814371256
0 0.54964 0.5586676646706586 0.047 0.11122754491017964
0 0.053200000000000004 0.5597604790419162 0.06012 0.13862275449101796
0 0.0253 0.5496407185628742 0.04336 0.15365269461077843
0 0.25773 0.6724850299401198 0.10514 0.1551497005988024
2 0.7426600000000001 0.41404191616766467 0.02468 0.054910179640718565
0 0.59692 0.5056137724550899 0.03376 0.06254491017964071
2 0.493 0.4745508982035928 0.986 0.4041916167664671
0 0.738 0.5299401197604791 0.472 0.281437125748503