0 0.7765703125 0.71220367278798 0.446859375 0.5503171953255426
0 0.279171875 0.5393405676126878 0.08034375 0.13303839732888145
0 0.17933593750000001 0.5236727879799666 0.07520312500000001 0.06497495826377296
0 0.15432812499999998 0.5275125208681135 0.02953125 0.05005008347245409
1 0.494328125 0.8003505843071786 0.979875 0.3567946577629382
1 0.17287499999999997 0.5917612687813021 0.3369375 0.06352253756260434
2 0.0730390625 0.4706594323873122 0.090234375 0.11888146911519197
2 0.034140624999999994 0.47669449081803006 0.06603125 0.10330550918196996
0 0.4911171875 0.5807846410684474 0.047359374999999995 0.11375626043405676
0 0.323515625 0.5565609348914858 0.04846875 0.025642737896494155
0 0.9673828125 0.35091819699499166 0.020796875 0.03482470784641068
0 0.42474218750000003 0.552220367278798 0.158953125 0.19145242070116864
0 0.9205859375 0.3606510851419032 0.020296875 0.025642737896494155
1 0.0985546875 0.543330550918197 0.192921875 0.03787979966611019
1 0.3349765625 0.5331469115191986 0.053828125000000004 0.010934891485809683