0 0.6718671875 0.6022916666666667 0.028265625 0.18195833333333333
2 0.7963984375 0.5238958333333333 0.27351562500000004 0.40016666666666667
2 0.519421875 0.5596875 0.24493749999999997 0.5495416666666666
2 0.201015625 0.5529270833333333 0.3108125 0.49772916666666667
2 0.9126406249999999 0.7292083333333333 0.17359375 0.16854166666666667
0 0.3099140625 0.6946458333333333 0.062234374999999995 0.12141666666666667
0 0.6117734375 0.46189583333333334 0.035765625 0.036083333333333335
0 0.3133828125 0.5771145833333333 0.09326562499999999 0.28152083333333333
0 0.0348828125 0.43071875 0.068765625 0.24089583333333334
1 0.8793828125 0.9253437499999999 0.24123437499999997 0.14018750000000002
1 0.4996953125 0.83990625 0.999390625 0.2906458333333333