0 0.30858593749999996 0.34934375 0.072890625 0.1123125
1 0.6361796875 0.74353125 0.725296875 0.5129375
0 0.9765546875 0.6605208333333332 0.046703125 0.12875
0 0.7460703125 0.5735520833333333 0.120828125 0.16202083333333334
0 0.2610390625 0.43313541666666666 0.055265625 0.13347916666666665
0 0.1457265625 0.9541458333333334 0.291453125 0.09170833333333334
0 0.018632812500000002 0.37494791666666666 0.037265625000000004 0.13785416666666667
2 0.2171875 0.625 0.4328125 0.75
2 0.27746875 0.5417708333333333 0.19809375 0.5853750000000001
2 0.8395468749999999 0.4979270833333333 0.32090625 0.5049375
2 0.682796875 0.42596874999999995 0.21234375 0.38960416666666664