0 0.65546875 0.6464600550964187 0.18284375 0.07633608815426997
0 0.1335625 0.679573002754821 0.045125 0.18493112947658402
0 0.3361328125 0.6606336088154269 0.078046875 0.15162534435261707
2 0.39703125000000006 0.49213498622589524 0.15421875000000002 0.4584297520661157
2 0.24775 0.5587878787878787 0.141375 0.6184022038567493
2 0.6633125000000001 0.5411845730027548 0.13959375000000002 0.16011019283746555
2 0.13096875 0.587534435261708 0.05015625 0.14707988980716252
2 0.55509375 0.5771349862258953 0.042749999999999996 0.2206060606060606
2 0.7150390625 0.5785537190082645 0.077234375 0.16068870523415976
2 0.4835859375 0.5552341597796143 0.024515625 0.18264462809917353
2 0.1594140625 0.5004132231404959 0.041671875000000004 0.11564738292011019
2 0.108203125 0.5203168044077136 0.032 0.0897245179063361
1 0.1156484375 0.9194903581267218 0.225390625 0.13506887052341598
1 0.16484375 0.5887190082644629 0.017499999999999998 0.04454545454545455
2 0.073671875 0.5638429752066115 0.03415625 0.04652892561983471
2 0.0416484375 0.5394765840220386 0.019265625 0.0349862258953168
0 0.171265625 0.6435399449035814 0.0410625 0.16559228650137742
0 0.1896328125 0.6539531680440771 0.029015625 0.18360881542699725
0 0.1144140625 0.5815013774104684 0.034203125 0.028236914600550965
0 0.103125 0.7285674931129478 0.20625 0.3142699724517906
0 0.8924453125000001 0.6581818181818182 0.118234375 0.1028099173553719
1 0.19484375 0.5383195592286502 0.0350625 0.05614325068870523
1 0.7997890625 0.6674931129476585 0.060078125 0.024628099173553717