1 0.4510078125 0.5837265135699374 0.902015625 0.8089561586638832
1 0.11949218749999999 0.3605845511482255 0.23898437499999997 0.15832985386221296
1 0.11392968750000002 0.2168475991649269 0.21032812500000003 0.08196242171189978
2 0.35478125 0.4435490605427975 0.12690625 0.3003340292275574
2 0.3054140625 0.21737995824634657 0.198015625 0.43050104384133614
2 0.454484375 0.4022025052192067 0.10428124999999999 0.2749269311064718
2 0.8107031250000001 0.6684237995824635 0.16559375 0.47559498956158663
2 0.1609765625 0.5704906054279749 0.245640625 0.37325678496868475
2 0.764328125 0.18565762004175368 0.0915625 0.18839248434237996
2 0.8446484375000001 0.1280688935281837 0.12567187500000002 0.16791231732776618
2 0.93321875 0.4414405010438413 0.1335625 0.34910229645093943
1 0.6581484375000001 0.18973903966597075 0.170078125 0.0859498956158664
2 0.9765859375 0.2755741127348643 0.046828125 0.2683507306889353
0 0.2521171875 0.5018893528183717 0.11682812499999999 0.17
0 0.200984375 0.27865344467640923 0.08578125 0.0763883089770355
0 0.590203125 0.31896659707724423 0.06515625 0.23964509394572026
0 0.6526875000000001 0.3363674321503132 0.0558125 0.1182463465553236
0 0.7086953125 0.25866388308977034 0.020234375 0.07866388308977035
0 0.7308515625 0.27121085594989564 0.042796875 0.047557411273486436
0 0.60528125 0.3760542797494781 0.072 0.11632567849686848
0 0.9010781250000001 0.7078601252609603 0.194 0.4461169102296451
0 0.43388281249999994 0.20590814196242171 0.053609375 0.05290187891440501
0 0.7595546874999999 0.894384133611691 0.131765625 0.21123173277661797
0 0.12369531249999999 0.4333716075156576 0.145484375 0.14887265135699373
1 0.47260937500000005 0.24494780793319415 0.10428124999999999 0.08538622129436325
1 0.43359375 0.1581732776617954 0.09128125000000001 0.027745302713987473
2 0.6265 0.7842693110647181 0.3145 0.40899791231732774
2 0.18854687500000003 0.1273695198329854 0.06325 0.13636743215031313
0 0.21007812499999998 0.22893528183716075 0.05078125 0.056534446764091854
2 0.9173359375000001 0.2224008350730689 0.041859375 0.09382045929018788
0 0.532484375 0.34009394572025053 0.0739375 0.2411482254697286
1 0.9138359375 0.17826722338204593 0.051109375 0.01778705636743215
1 0.0896953125 0.15931106471816284 0.083828125 0.05265135699373695
1 0.021109375000000003 0.19249478079331941 0.0404375 0.027703549060542797
0 0.2515625 0.48747390396659707 0.503125 0.6450939457202505