0 0.5419375000000001 0.6720520833333333 0.25484375 0.3419375
1 0.500875 0.9063333333333333 0.53696875 0.16666666666666666
1 0.8890625 0.8375 0.221875 0.325
1 0.375796875 0.5550520833333333 0.167125 0.07856250000000001
2 0.5418515625 0.5914479166666666 0.207296875 0.5640625
2 0.77190625 0.5831458333333333 0.32696875 0.5730416666666667
2 0.266296875 0.5213541666666667 0.22584374999999998 0.9303333333333333
2 0.160109375 0.6164791666666666 0.32021875 0.7483333333333333
2 0.928125 0.4979166666666667 0.14375 0.34791666666666665
2 0.402 0.42906249999999996 0.14690625 0.21341666666666667
2 0.5089453125000001 0.44876041666666666 0.073546875 0.16247916666666665
2 0.34599218749999994 0.4163645833333333 0.034484375 0.0634375
0 0.71175 0.7350416666666667 0.16493750000000001 0.4109166666666667
0 0.1215078125 0.6720937499999999 0.062734375 0.11181250000000001
2 0.693453125 0.43120833333333336 0.0846875 0.16620833333333335
2 0.8514296874999999 0.4063333333333333 0.027453125000000002 0.06066666666666667
2 0.957171875 0.37680208333333337 0.055406250000000004 0.09489583333333333
2 0.6341953124999999 0.39925000000000005 0.034234375 0.063375