1 0.4479296875 0.7204577464788733 0.5669531250000001 0.5247183098591549
1 0.690015625 0.37766431924882626 0.27537500000000004 0.10875586854460094
2 0.2722734375 0.37769953051643196 0.183796875 0.3728638497652582
2 0.7976640625 0.6101173708920187 0.404671875 0.7528169014084507
2 0.184734375 0.582018779342723 0.3545 0.7550704225352113
0 0.8328125 0.8581572769953053 0.334375 0.25279342723004694
0 0.9802734375 0.26454225352112676 0.039453125 0.0810093896713615
1 0.18058593750000002 0.9311619718309859 0.36117187500000003 0.13767605633802815
0 0.7881484375000001 0.5416666666666666 0.093890625 0.14685446009389672
0 0.606671875 0.22503521126760564 0.07390624999999999 0.26039906103286387
0 0.826359375 0.2114906103286385 0.05225 0.1014788732394366
0 0.8964296875000001 0.2077699530516432 0.056671875000000003 0.09586854460093898
0 0.7743203125 0.24215962441314554 0.05254687500000001 0.06370892018779342
0 0.6983203125 0.26360328638497654 0.075765625 0.05654929577464789
1 0.7609531250000001 0.28719483568075116 0.19440625 0.11049295774647887