0 0.8510234375 0.3418333333333334 0.16704687499999998 0.24695833333333334
0 0.7131328125000002 0.25821875 0.07570312500000001 0.07897916666666666
0 0.5969453125 0.6053124999999999 0.254046875 0.16058333333333333
0 0.46930468749999993 0.247125 0.040078125 0.17458333333333334
0 0.9676796874999999 0.22919791666666667 0.064109375 0.11514583333333334
0 0.3175703125 0.6239270833333332 0.258234375 0.10660416666666667
2 0.6075156249999999 0.3631354166666666 0.350875 0.6376875
2 0.8673984375 0.5 0.265203125 0.42116666666666663
2 0.8424453125 0.20259375000000002 0.161765625 0.3396458333333333
2 0.9117656250000001 0.16834375000000001 0.0873125 0.28372916666666664
2 0.23596093750000002 0.46291666666666664 0.364046875 0.507875
2 0.644765625 0.07491666666666667 0.05940625000000001 0.114625
2 0.7028359375000001 0.17095833333333335 0.137140625 0.24145833333333336
2 0.5410234375 0.03040625 0.043140625 0.0464375
2 0.0273125 0.0893125 0.054625 0.13758333333333334
2 0.7688750000000001 0.09235416666666667 0.087125 0.15437499999999998
1 0.5 0.7863958333333334 1 0.42720833333333336
1 0.10024999999999999 0.31036458333333333 0.20049999999999998 0.2999375
1 0.7570078124999999 0.15903124999999999 0.05532812499999999 0.0878125