1 0.2069375 0.5332614942528735 0.085875 0.03577586206896551
2 0.9167109375000001 0.7482614942528737 0.110546875 0.30841954022988505
2 0.5162578125 0.5415660919540229 0.6072968750000001 0.9033620689655173
2 0.4476484375 0.487212643678161 0.044921875 0.10195402298850574
2 0.17596093750000003 0.5619540229885057 0.090421875 0.26517241379310347
2 0.051968749999999994 0.44114942528735634 0.0380625 0.08810344827586207
2 0.4166718749999999 0.5966379310344827 0.0953125 0.24045977011494254
1 0.0377734375 0.5117528735632184 0.075546875 0.033045977011494254
2 0.9815781249999999 0.7396982758620688 0.036843749999999995 0.3110632183908046
2 0.47310937500000005 0.5154741379310345 0.04746875 0.10531609195402299
1 0.34796875 0.5049425287356322 0.035375000000000004 0.023103448275862068
2 0.92303125 0.5304885057471264 0.0194375 0.09091954022988506
2 0.8285625 0.7679597701149425 0.08334375000000001 0.3403448275862069
0 0.27665625 0.6525718390804598 0.049062499999999995 0.10962643678160919
0 0.1448046875 0.6401436781609195 0.046640625000000005 0.09321839080459769
0 0.35355468749999996 0.57375 0.005109375 0.016408045977011496
2 0.2583515625 0.5621551724137931 0.084859375 0.2901149425287356
2 0.3254921875 0.503448275862069 0.036453124999999996 0.13408045977011493
2 0.49453125 0.5632183908045977 0.9890625 0.5632183908045977