0 0.6223046875 0.83728125 0.21335937500000002 0.3060208333333333
0 0.7294453125 0.7210312499999999 0.10023437500000001 0.16493750000000001
0 0.8580625 0.6623645833333334 0.07418749999999999 0.1419375
0 0.9452187499999999 0.64165625 0.0758125 0.1235625
0 0.98515625 0.621875 0.0296875 0.11875
1 0.7438203125000001 0.8846979166666666 0.344109375 0.2070625
2 0.39438281250000007 0.522625 0.22248437499999998 0.7572916666666667
2 0.1427421875 0.5427916666666666 0.23479687500000002 0.7905416666666666
2 0.65803125 0.5561770833333334 0.119875 0.5556041666666667
2 0.7912890625 0.498875 0.183703125 0.59775
2 0.9050625 0.4146145833333333 0.1483125 0.4202291666666667
2 0.7452890624999999 0.3588645833333333 0.104515625 0.32585416666666667
1 0.596828125 0.6123229166666667 0.23865625000000001 0.2580208333333333