1 0.41411458333333334 0.7329375 0.8282291666666667 0.505875
2 0.6510312500000001 0.4144453125 0.13252083333333334 0.21782812499999998
2 0.8164791666666668 0.513484375 0.29662499999999997 0.21796875
2 0.25366666666666665 0.48851562499999995 0.185 0.20134375000000002
2 0.4456458333333334 0.46256250000000004 0.11737500000000001 0.1203125
2 0.4669166666666667 0.4270390625 0.08216666666666667 0.158671875
2 0.19853125 0.4182890625 0.11522916666666667 0.145390625
2 0.38007291666666665 0.47349218749999994 0.0636875 0.11564062500000001
2 0.5890416666666667 0.46125 0.051875 0.11428125
2 0.12109375 0.48548437499999997 0.15085416666666665 0.246875
2 0.06226041666666667 0.496984375 0.12452083333333334 0.33425
2 0.8835416666666666 0.5983359374999999 0.23291666666666666 0.628578125
2 0.8934166666666667 0.9444453124999999 0.21316666666666664 0.111109375
2 0.36943750000000003 0.47639062499999996 0.13958333333333334 0.16921875
0 0.7177291666666666 0.504875 0.052458333333333336 0.03371875
2 0.8322916666666667 0.48828125 0.33125 0.2109375