1 0.6152890625 0.7055152224824356 0.340421875 0.20737704918032787
1 0.7901875 0.3403512880562061 0.08937500000000001 0.043466042154566745
2 0.541640625 0.4544847775175644 0.15746875 0.24283372365339578
2 0.7099140625 0.45281030444964876 0.172421875 0.2
2 0.131484375 0.3862646370023419 0.14275 0.1914519906323185
2 0.9332968749999999 0.5123653395784543 0.13340625 0.6157377049180328
2 0.7138281250000001 0.3761592505854801 0.12396875 0.15943793911007026
2 0.6219218750000001 0.37177985948477754 0.06590625 0.1584543325526932
2 0.6345625 0.3375526932084309 0.059812500000000005 0.18096018735362998
2 0.5610078125 0.305152224824356 0.073390625 0.11578454332552693
2 0.44690624999999995 0.29838407494145197 0.0385 0.10758782201405152
2 0.4076171875 0.34908665105386416 0.068109375 0.20969555035128806
2 0.826109375 0.297751756440281 0.06296874999999999 0.1146135831381733
2 0.3723593750000001 0.6552107728337236 0.23684375000000002 0.4781967213114754
0 0.08061718749999999 0.8763934426229507 0.158578125 0.2465105386416862
0 0.3455859375 0.8820140515222482 0.214390625 0.21348946135831381
0 0.8138125 0.42637002341920377 0.0769375 0.1699297423887588
0 0.5312734375 0.5658430913348946 0.11542187500000001 0.09070257611241217
0 0.59596875 0.8786533957845434 0.259375 0.22021077283372364
0 0.74371875 0.6941803278688525 0.14828125 0.30259953161592507
0 0.42551562499999995 0.5683138173302108 0.03359375 0.07484777517564403
0 0.054867187500000004 0.6413700234192038 0.10973437500000001 0.22662763466042155
0 0.45927343749999994 0.4339461358313817 0.07373437499999999 0.03955503512880562
0 0.11428125 0.4975878220140515 0.094625 0.10304449648711944
1 0.05507031250000001 0.4455386416861827 0.031578125 0.029016393442622954
0 0.5709609375 0.5780679156908666 0.11882812499999999 0.06676814988290398
0 0.6827421874999999 0.573384074941452 0.090203125 0.08704918032786886
1 0.5210078125 0.4744613583138173 0.220484375 0.051405152224824356
1 0.37137499999999996 0.3523302107728337 0.0223125 0.01622950819672131
1 0.021687500000000002 0.5186768149882904 0.043375000000000004 0.05585480093676815
2 0.0320546875 0.4041803278688524 0.062703125 0.2058782201405152
2 0.51953125 0.5550351288056206 0.9359375 0.8852459016393442