0 0.42708593749999996 0.692199074074074 0.12245312500000001 0.2786574074074074
0 0.152078125 0.8015972222222223 0.24856250000000002 0.3650925925925926
0 0.0900390625 0.5955208333333333 0.072921875 0.07969907407407407
0 0.052437500000000005 0.761400462962963 0.08278125 0.2628009259259259
0 0.3903984375 0.6117708333333334 0.089953125 0.1383564814814815
1 0.23569531250000003 0.7114004629629631 0.22360937500000003 0.28525462962962966
2 0.8793515625000001 0.5297916666666665 0.008078125 0.02638888888888889
2 0.75828125 0.5031134259259259 0.010687499999999999 0.01738425925925926
2 0.7229531250000001 0.5151157407407406 0.00421875 0.020138888888888887
2 0.039046874999999995 0.5300347222222223 0.010437499999999999 0.027199074074074073
2 0.06718750000000001 0.5009259259259259 0.00540625 0.01074074074074074