0 0.39480468750000003 0.7856875 0.021640625 0.065375
0 0.5105078125 0.7892708333333334 0.047109374999999995 0.07591666666666666
0 0.455078125 0.7927812500000001 0.0483125 0.07260416666666666
2 0.4823359375 0.6943958333333333 0.025671875 0.04858333333333333
2 0.1592578125 0.7599999999999999 0.050953125 0.179
2 0.45578906249999995 0.7541458333333334 0.038328125000000005 0.07129166666666667
2 0.5376406250000001 0.7067395833333333 0.02359375 0.056187499999999994
2 0.039703125 0.7364270833333334 0.0540625 0.1658125
1 0.476375 0.7844374999999999 0.0494375 0.087375
1 0.3762734375 0.7437708333333333 0.064703125 0.06824999999999999
2 0.5121249999999999 0.7548020833333333 0.0405625 0.11452083333333334
2 0.19921093750000002 0.7347604166666667 0.027328124999999998 0.08227083333333333
2 0.23810156249999997 0.7206041666666666 0.037921875 0.06158333333333333
0 0.114390625 0.7713020833333333 0.041375 0.0641875
0 0.40774999999999995 0.7926354166666666 0.029031249999999998 0.07164583333333334
2 0.479296875 0.7266354166666668 0.0215 0.036104166666666666
0 0.188375 0.7845520833333334 0.0398125 0.0718125