0 0.9131615925058547 0.3689765625 0.15995316159250586 0.215296875
1 0.5052927400468384 0.7858828125 0.9894145199063232 0.395296875
2 0.4917564402810305 0.36292187499999995 0.862248243559719 0.6494375
2 0.43633489461358316 0.1096015625 0.1768384074941452 0.219203125
2 0.1128688524590164 0.1075703125 0.1094847775175644 0.099765625
2 0.043700234192037474 0.136859375 0.08740046838407495 0.1684375
2 0.9040515222482435 0.6020078124999999 0.19189695550351288 0.702453125
0 0.27251756440281033 0.18243749999999997 0.13697892271662765 0.074375
0 0.07481264637002343 0.18400781249999998 0.06208430913348947 0.086140625
2 0.3213466042154567 0.11249218750000001 0.061803278688524595 0.039515625
2 0.9046018735362997 0.1471171875 0.10807962529274004 0.08885937499999999
0 0.28930913348946136 0.3119765625 0.33988290398126464 0.217015625