0 0.7759395424836601 0.4163970588235294 0.05717320261437909 0.25207516339869285
0 0.260016339869281 0.31584150326797383 0.09091503267973856 0.07200980392156862
0 0.3443627450980392 0.26798202614379085 0.054052287581699346 0.026748366013071897
0 0.25882352941176473 0.25349673202614376 0.04931372549019608 0.01892156862745098
0 0.12066176470588236 0.3790522875816994 0.10285947712418302 0.22320261437908495
0 0.19666666666666666 0.26133986928104574 0.059444444444444446 0.032777777777777774
1 0.9175980392156862 0.5541013071895425 0.13486928104575163 0.1381045751633987
2 0.4146078431372549 0.3325816993464052 0.44718954248366016 0.561797385620915
2 0.6835539215686274 0.32207516339869285 0.2139705882352941 0.6148692810457517
0 0.8714542483660129 0.4865277777777778 0.1418627450980392 0.12050653594771242
0 0.19999183006535948 0.2775326797385621 0.0563235294117647 0.028562091503267974
1 0.14818627450980393 0.3102450980392157 0.1418627450980392 0.04643790849673203
1 0.04494281045751634 0.29818627450980395 0.061977124183006535 0.0888235294117647
1 0.2697712418300654 0.2720179738562091 0.2015359477124183 0.04282679738562092
0 0.9160294117647059 0.3713316993464052 0.1181045751633987 0.22808823529411765
0 0.8530964052287582 0.37674019607843134 0.1081862745098039 0.19455882352941176
0 0.6523366013071896 0.4575326797385621 0.09977124183006536 0.29715686274509806
0 0.25929738562091503 0.27355392156862746 0.06866013071895426 0.028447712418300655
1 0.8306454248366013 0.305343137254902 0.16926470588235296 0.05738562091503267