0 0.8902266666666666 0.5390900000000001 0.06674666666666668 0.04338
0 0.9315466666666667 0.5924599999999999 0.13482666666666668 0.15580000000000002
0 0.928 0.709 0.144 0.126
2 0.6040266666666666 0.6434 0.42058666666666666 0.69128
2 0.25046666666666667 0.62149 0.33053333333333335 0.60314
2 0.4939733333333334 0.48672999999999994 0.0776 0.11254
2 0.7850666666666666 0.46152 0.02848 0.049159999999999995
2 0.8125466666666668 0.5645 0.10658666666666666 0.212
2 0.9331733333333333 0.46982 0.08997333333333334 0.05104
2 0.8684133333333333 0.84259 0.2631733333333333 0.31482
2 0.49239999999999995 0.43954 0.08458666666666666 0.05152
2 0.74884 0.4595 0.060186666666666666 0.05236
0 0.15021333333333334 0.54325 0.1 0.1149
0 0.4543866666666666 0.68787 0.07271999999999999 0.21982
1 0.9183066666666667 0.50514 0.16301333333333334 0.048960000000000004
1 0.05465333333333334 0.49923 0.106 0.0795
1 0.25889333333333336 0.49595999999999996 0.40040000000000003 0.02512
0 0.86368 0.48616 0.047573333333333336 0.02092
0 0.029199999999999997 0.45274 0.027733333333333336 0.011800000000000001
1 0.69764 0.5729399999999999 0.5867466666666666 0.06631999999999999