0 0.1009375 0.5779083333333334 0.131275 0.10464999999999999
0 0.05 0.5189333333333334 0.1 0.1229
0 0.2170875 0.5617749999999999 0.060625 0.16344999999999998
1 0.49887499999999996 0.8033666666666667 0.991 0.3663
2 0.5650624999999999 0.5184333333333333 0.762675 0.43729999999999997
2 0.33740000000000003 0.46221666666666666 0.11230000000000001 0.05416666666666667
2 0.154725 0.47270833333333334 0.10135 0.09458333333333334
0 0.0928875 0.5836416666666667 0.185075 0.22591666666666668
0 0.2956875 0.5311833333333332 0.045774999999999996 0.039
1 0.25595 0.486375 0.11555 0.06584999999999999
0 0.2748 0.5299 0.060250000000000005 0.09799999999999999