0 0.09296093750000001 0.24545667447306793 0.096546875 0.09414519906323186
1 0.5 0.6872599531615925 1 0.6254800936768149
2 0.47912499999999997 0.13796252927400468 0.19403125000000002 0.26398126463700233
2 0.2763046875 0.12398126463700233 0.098078125 0.15021077283372367
2 0.6794140625 0.1892271662763466 0.06251562499999999 0.18533957845433255
2 0.653609375 0.1638173302107728 0.04321875 0.11812646370023419
2 0.43108593749999996 0.09655737704918034 0.044609375 0.09156908665105387
2 0.23380468750000002 0.08426229508196723 0.034546875 0.09030444964871195
2 0.7703515625000001 0.13715456674473067 0.07145312499999999 0.05126463700234192
0 0.7495156249999999 0.2763934426229508 0.102375 0.2573302107728337
1 0.2553828125 0.21258782201405155 0.270640625 0.03810304449648712
1 0.7311484375 0.1947423887587822 0.09879687499999999 0.02405152224824356
2 0.586421875 0.12796252927400467 0.034687499999999996 0.16084309133489463
0 0.38519531249999994 0.26857142857142857 0.08267187499999999 0.10065573770491802
1 0.026859375 0.21298594847775174 0.05371875 0.04676814988290398
2 0.10253125 0.11892271662763466 0.05065625 0.08449648711943794
0 0.11403125 0.17783372365339578 0.05375 0.042505854800936764
0 0.1598671875 0.18330210772833722 0.057171875000000004 0.03255269320843091
0 0.22063281250000003 0.18166276346604218 0.045859375 0.03583138173302108
2 0.622953125 0.18166276346604213 0.074625 0.3618266978922717
2 0.183953125 0.1404215456674473 0.0870625 0.1053864168618267
2 0.3363828125 0.13921545667447305 0.026421875 0.09252927400468383
0 0.51428125 0.3188173302107728 0.23121874999999997 0.16526932084309132
0 0.14050781250000002 0.303864168618267 0.21204687500000002 0.15245901639344261
0 0.2924375 0.2999648711943794 0.140625 0.17524590163934425
0 0.49926562499999994 0.2216861826697892 0.11709375 0.03892271662763466