2 0.16257031249999998 0.5501285046728972 0.033234375 0.11936915887850467
2 0.37350000000000005 0.5694042056074766 0.0445625 0.06661214953271029
2 0.35589062499999996 0.5607242990654205 0.0113125 0.022850467289719626
0 0.872609375 0.9315420560747664 0.25478125 0.1369158878504673
0 0.113171875 0.6211799065420561 0.04140625 0.057453271028037385
0 0.0486953125 0.5897196261682244 0.034421875000000005 0.0380373831775701
0 0.21340625000000002 0.8435630841121494 0.41040625000000003 0.31287383177570094
0 0.07954687499999999 0.6148831775700935 0.053593749999999996 0.09163551401869159
1 0.43374218749999993 0.9470443925233645 0.5253281249999999 0.0852570093457944
1 0.0682265625 0.5745210280373833 0.035078125 0.01735981308411215
2 0.2306875 0.7883644859813085 0.21600000000000003 0.3255607476635514