1 0.3847265625 0.7606145833333334 0.762390625 0.4481041666666667
1 0.245953125 0.25890625 0.04896875 0.009937499999999998
2 0.8518281249999999 0.24186458333333333 0.0320625 0.06772916666666666
2 0.8269140625 0.25313541666666667 0.021703125 0.08764583333333334
0 0.7043906249999999 0.7454895833333333 0.58446875 0.4819791666666667
0 0.18750781249999998 0.5928541666666667 0.37501562499999996 0.23916666666666667
0 0.268421875 0.338375 0.0770625 0.12558333333333332
0 0.338703125 0.32945833333333335 0.058562499999999997 0.12004166666666666
0 0.4085 0.32680208333333327 0.07278124999999999 0.11552083333333334
0 0.47850000000000004 0.32284375 0.057374999999999995 0.1169375
0 0.5339921875 0.3182291666666667 0.074046875 0.110875
0 0.7409375000000001 0.30590625 0.0755 0.09035416666666667
0 0.6446171875 0.3109583333333334 0.06917187500000001 0.10108333333333334
0 0.23206249999999998 0.2535208333333333 0.03959375 0.022125
0 0.22533593749999997 0.32709375 0.059421875 0.1310625
0 0.61221875 0.24022916666666666 0.026125 0.017416666666666667
1 0.29130468749999994 0.2719270833333333 0.045453125 0.0129375
1 0.583453125 0.25666666666666665 0.01621875 0.013583333333333333
2 0.8107031250000001 0.24785416666666665 0.022875 0.073875
0 0.7896953125 0.3046145833333333 0.042453125 0.08693749999999999
0 0.60078125 0.3104166666666667 0.6953125 0.17916666666666667