0 0.701984375 0.4107611241217799 0.1100625 0.16962529274004687
0 0.9721093749999999 0.5810655737704917 0.055781250000000004 0.16208430913348945
1 0.2521875 0.7775058548009368 0.49800000000000005 0.1770257611241218
2 0.48577343749999996 0.5224707259953162 0.48276562500000003 0.9055971896955504
2 0.21814843750000001 0.5685362997658079 0.43629687500000003 0.8314519906323184
2 0.867953125 0.5309718969555035 0.26409375 0.6853161592505854
2 0.7908828124999999 0.24381733021077287 0.100453125 0.18651053864168618
2 0.8554999999999999 0.22648711943793912 0.10553125000000001 0.21124121779859487
2 0.6768906250000001 0.2479742388758782 0.10484374999999999 0.16981264637002344
2 0.19991406250000002 0.36129976580796247 0.16317187500000002 0.3598829039812646
2 0.065453125 0.4132201405152225 0.13090625 0.37791569086651056
2 0.44079687500000003 0.21909836065573773 0.06596874999999999 0.17304449648711945
2 0.026203125 0.26491803278688525 0.05240625 0.10398126463700234
2 0.1379921875 0.34774004683840753 0.072953125 0.3279859484777518
2 0.8053750000000001 0.40022248243559716 0.1524375 0.3025526932084309
0 0.91953125 0.7412177985948478 0.1609375 0.24121779859484777
0 0.953953125 0.8782786885245901 0.09209375 0.24021077283372363
0 0.7522734375 0.3627283372365339 0.020171875 0.06044496487119438
2 0.469 0.3325526932084309 0.10259375 0.26117096018735364
2 0.30546875 0.21311475409836064 0.0546875 0.15456674473067916