0 0.17180468750000003 0.7517798594847775 0.23767187500000003 0.4549414519906323
1 0.8978203125 0.5051990632318502 0.20182812499999997 0.054988290398126465
1 0.45804687499999996 0.5207494145199063 0.28725 0.05704918032786885
2 0.9436796875000001 0.42792740046838407 0.09917187499999999 0.1914519906323185
2 0.6248828125 0.4137353629976581 0.10495312500000001 0.2731850117096019
2 0.7751328124999999 0.41348946135831377 0.29685937500000004 0.29213114754098357
2 0.21065625000000004 0.5694730679156909 0.29700000000000004 0.8022716627634661
2 0.1373125 0.45714285714285713 0.19084375 0.9093208430913349
2 0.43216406250000006 0.5516510538641687 0.258609375 0.6719672131147542
2 0.30706249999999996 0.42211943793911005 0.14290624999999998 0.3492505854800937
2 0.0361796875 0.4401288056206089 0.072109375 0.421615925058548
0 0.030734375 0.6303395784543325 0.06146875 0.20138173302107726
2 0.4161093749999999 0.3485480093676815 0.03521875 0.06121779859484778
0 0.6353984375 0.9335480093676815 0.064578125 0.047517564402810304
1 0.243359375 0.4449063231850118 0.09678125 0.09449648711943794