0 0.40914666666666666 0.29188 0.24885333333333332 0.18288
1 0.64296 0.76241 0.7140799999999999 0.43566000000000005
2 0.66484 0.34378 0.5115466666666667 0.52752
2 0.19813333333333333 0.5081 0.28170666666666666 0.69016
2 0.1930933333333333 0.11163 0.19440000000000002 0.2037
2 0.12270666666666667 0.08703 0.10002666666666667 0.11578000000000001
2 0.5769066666666667 0.18219 0.10768000000000001 0.25989999999999996
2 0.0676 0.14797 0.10165333333333333 0.15018
2 0.7188933333333333 0.06386 0.06333333333333334 0.04396
0 0.10626666666666668 0.17772000000000002 0.06304 0.053840000000000006
0 0.10572 0.24893 0.10370666666666667 0.08898
0 0.13050666666666666 0.80782 0.25392 0.38436000000000003
2 0.7781866666666667 0.13004000000000002 0.045706666666666666 0.11856