1 0.5 0.8383529411764706 1 0.29214117647058824
2 0.5945546875 0.4800235294117647 0.20217187499999997 0.4585882352941177
2 0.4902187499999999 0.3460705882352941 0.168625 0.45392941176470586
2 0.1045078125 0.3632941176470588 0.111078125 0.24183529411764706
2 0.1511484375 0.3510705882352941 0.063078125 0.2636941176470588
2 0.39369531249999995 0.45321176470588237 0.224578125 0.49832941176470585
2 0.045875000000000006 0.34816470588235293 0.084125 0.25774117647058825
2 0.7166796875 0.3357294117647059 0.079921875 0.2340941176470588
2 0.791625 0.35041176470588237 0.08815625 0.2800235294117647
2 0.9498359375 0.4460117647058824 0.099984375 0.44943529411764704
2 0.181703125 0.25344705882352936 0.0391875 0.08068235294117647
2 0.21474218750000001 0.3508705882352941 0.100546875 0.2388705882352941
2 0.6774843749999999 0.3056235294117647 0.06215625 0.23581176470588236
1 0.43553125000000004 0.5841058823529411 0.87021875 0.23710588235294117
2 0.27684375 0.33397647058823526 0.0578125 0.18654117647058824
0 0.75971875 0.4605764705882353 0.06443750000000001 0.03828235294117647
0 0.1320703125 0.459164705882353 0.055359375 0.03348235294117647
2 0.47578125 0.4294117647058823 0.9515625 0.4682352941176471