0 0.7708515625000001 0.7701774530271399 0.28254687500000003 0.45167014613778705
0 0.6126015625000001 0.44997912317327765 0.066109375 0.10075156576200417
1 0.292640625 0.7617954070981211 0.51465625 0.42246346555323594
2 0.6744296875 0.703517745302714 0.380109375 0.5573068893528184
2 0.6164609375000001 0.5044363256784968 0.20801562499999998 0.37
2 0.19089843750000002 0.5306680584551148 0.185421875 0.2974530271398747
2 0.1665078125 0.3686951983298539 0.181640625 0.4539248434237996
2 0.0807265625 0.6078601252609602 0.161453125 0.6044885177453028
0 0.8133203124999999 0.5232359081419624 0.016421875 0.08325678496868477
0 0.096984375 0.5906889352818371 0.03703125 0.17858037578288102
0 0.48940624999999993 0.4196764091858038 0.031906250000000004 0.04536534446764092
1 0.3083671875 0.5093528183716075 0.139265625 0.09302713987473904
2 0.4714609375 0.46834029227557405 0.15042187499999998 0.22891440501043842