0 0.15907812500000001 0.5674528301886792 0.10178125 0.11179245283018868
0 0.3106015625 0.5264386792452831 0.038953125 0.04099056603773585
0 0.3774921875 0.555943396226415 0.054296875 0.09938679245283019
0 0.761015625 0.5655778301886792 0.09290625 0.10672169811320754
0 0.04142968749999999 0.49757075471698115 0.040546874999999996 0.09344339622641509
0 0.6321015625000002 0.5639268867924528 0.076953125 0.1077122641509434
0 0.5365234375 0.5631603773584906 0.069453125 0.10613207547169812
1 0.7143046875 0.5729127358490566 0.072921875 0.08186320754716982
1 0.3673984375 0.49304245283018866 0.073921875 0.028962264150943395
2 0.259140625 0.671120283018868 0.13371875 0.35332547169811324
2 0.8573437500000001 0.631745283018868 0.08828125 0.2650943396226415
2 0.5813906249999998 0.47166273584905666 0.034 0.13125
2 0.684765625 0.5323820754716981 0.056343750000000005 0.12339622641509435
2 0.342296875 0.4544457547169811 0.048875 0.06775943396226415
2 0.579140625 0.5467924528301886 0.06475 0.12919811320754718
2 0.28796875 0.5298584905660377 0.08634375 0.12650943396226416
2 0.5670156249999999 0.40570754716981133 0.0290625 0.06556603773584906
2 0.6154921875 0.39476415094339623 0.031859375 0.030141509433962262
0 0.020148437499999998 0.569445754716981 0.039953125 0.13785377358490566
0 0.2665078125 0.48076650943396226 0.067796875 0.04941037735849056
0 0.317921875 0.4977594339622642 0.032218750000000004 0.07924528301886793
0 0.4502578125 0.5580188679245283 0.078859375 0.10042452830188679
0 0.29000781249999996 0.5439033018867925 0.094328125 0.11172169811320753
1 0.575265625 0.5776650943396227 0.0408125 0.07089622641509434
2 0.6169062500000001 0.43806603773584907 0.051468749999999994 0.05495283018867925
0 0.8244999999999999 0.5571462264150944 0.034875 0.07504716981132076
0 0.53671875 0.509433962264151 0.0265625 0.009433962264150943