0 0.425625 0.63471875 0.2325625 0.37560416666666663
0 0.28042968749999997 0.5613541666666666 0.055015625 0.28170833333333334
1 0.0730546875 0.5804375 0.146109375 0.43870833333333337
2 0.26013281250000003 0.3141875 0.050671875 0.20720833333333333
2 0.415453125 0.4185416666666667 0.19718750000000002 0.6247083333333333
2 0.1218984375 0.2913125 0.044921875 0.1701666666666667
2 0.10528906249999999 0.30201041666666667 0.032984374999999996 0.10389583333333333
2 0.09637500000000002 0.26609374999999996 0.03665625 0.0539375
2 0.07383593749999999 0.3125 0.056671875000000003 0.09633333333333334
0 0.603078125 0.41428125 0.04215625 0.14847916666666666
2 0.196875 0.4265625 0.3421875 0.521875
2 0.5509609375 0.14961458333333333 0.056015625 0.07839583333333335