2 0.6161640625 0.28656576200417533 0.21432812499999998 0.42954070981210857
2 0.3333046875 0.5680375782881003 0.268640625 0.6180793319415449
2 0.80034375 0.6020146137787057 0.22771875000000003 0.4653235908141962
2 0.568265625 0.7155427974947808 0.308 0.5689144050104384
2 0.22734375 0.721294363256785 0.4546875 0.55741127348643
2 0.846828125 0.27415448851774527 0.1463125 0.3146137787056367
2 0.6954609375 0.4876409185803757 0.142953125 0.3865135699373695
2 0.11283593749999998 0.44536534446764087 0.20964062499999997 0.529937369519833
2 0.85271875 0.6625469728601253 0.28928125 0.588768267223382
2 0.7814843750000001 0.2282776617954071 0.06825 0.3106680584551148
0 0.16286718749999998 0.9502192066805845 0.310796875 0.0995615866388309
0 0.8599218750000001 0.9550626304801669 0.28015625 0.06741127348643006
1 0.4995390625000001 0.6730793319415449 0.483984375 0.30970772442588723