0 0.21042187500000004 0.5399166666666667 0.03965625 0.098375
0 0.8795859374999999 0.4721874999999999 0.032953125 0.054625
0 0.80759375 0.48257291666666663 0.02740625 0.043645833333333335
0 0.10099218749999998 0.532625 0.034640625 0.066125
1 0.0497578125 0.5682395833333334 0.068609375 0.09393750000000001
2 0.6684765625 0.5300833333333334 0.07954687499999999 0.26516666666666666
2 0.9126328125000001 0.47589583333333335 0.036359375 0.16629166666666664
2 0.9596953125000001 0.4754375 0.042234375000000005 0.15820833333333334
2 0.2797890625 0.5056979166666667 0.067203125 0.18697916666666667
2 0.06839843749999999 0.46461458333333333 0.023640625000000002 0.1000625
2 0.08449999999999999 0.45338541666666665 0.01884375 0.06727083333333334
2 0.1863046875 0.4409895833333334 0.037109375 0.0734375
2 0.20810937499999999 0.45630208333333333 0.0224375 0.07893750000000001
2 0.7720000000000001 0.4150625 0.00871875 0.025583333333333333
2 0.1072890625 0.44952083333333337 0.019640625000000002 0.08020833333333334
1 0.8719374999999999 0.47481249999999997 0.03003125 0.048625
2 0.1162578125 0.4666979166666667 0.017046875 0.06364583333333333
2 0.2413984375 0.4687604166666667 0.022296875 0.10735416666666667
0 0.7800546875 0.46105208333333336 0.018453125 0.029895833333333333
0 0.010499999999999999 0.50128125 0.020374999999999997 0.0675625
0 0.020124999999999997 0.5465312499999999 0.028249999999999997 0.0665625
2 0.0469375 0.53 0.0373125 0.11445833333333333
2 0.5046875 0.478125 0.940625 0.19375