0 0.7966015625 0.25823598130841124 0.196484375 0.2989018691588785
0 0.93125 0.28738317757009346 0.1375 0.22429906542056074
0 0.6889296874999999 0.1693341121495327 0.060453124999999996 0.1933411214953271
0 0.83865625 0.1673481308411215 0.11865624999999999 0.12366822429906542
0 0.8692109374999999 0.10509345794392523 0.048203125 0.029532710280373832
1 0.494421875 0.6116705607476636 0.9858437500000001 0.7438084112149533
1 0.8870000000000001 0.3087967289719626 0.22599999999999998 0.3438551401869159
1 0.5685703125 0.16981308411214954 0.11895312499999999 0.18691588785046728
2 0.3225703125 0.12922897196261682 0.400546875 0.25845794392523364
0 0.934375 0.5490654205607477 0.13125 0.5116822429906542
0 0.8151953125 0.0976051401869159 0.05248437500000001 0.031238317757009346
0 0.96325 0.13132009345794393 0.0735 0.06792056074766355
0 0.555375 0.10446261682242991 0.056843750000000005 0.09079439252336448
0 0.8302578125 0.33260514018691595 0.111203125 0.23670560747663552
1 0.9672109375 0.13996495327102804 0.065578125 0.044275700934579436