2 0.1561875 0.690807962529274 0.232375 0.6137470725995317
2 0.2690859375 0.5949882903981265 0.098921875 0.28740046838407496
2 0.3111484375 0.5507377049180328 0.053515625 0.19758782201405153
2 0.43000000000000005 0.6275409836065573 0.17803125 0.31653395784543326
2 0.7009218749999999 0.7460772833723653 0.17240625 0.34606557377049185
2 0.48647656250000004 0.4664519906323185 0.084671875 0.16831381733021078
2 0.5814765625 0.48884074941451994 0.105765625 0.11430913348946137
2 0.6045 0.3469672131147541 0.125375 0.2595081967213115
0 0.4356406249999999 0.880351288056206 0.24893749999999998 0.23929742388758785
0 0.8920859375000001 0.7808899297423888 0.176921875 0.40674473067915695
0 0.876171875 0.6476463700234193 0.07203125 0.3000234192037471
0 0.5876328125000001 0.5121779859484777 0.11754687500000001 0.10088992974238875
0 0.708421875 0.9314637002341921 0.250375 0.13707259953161594
0 0.3641328125 0.5607025761124121 0.057265625 0.10585480093676816
0 0.0811953125 0.7558782201405153 0.08060937500000001 0.12079625292740047
0 0.20733593749999998 0.5322248243559718 0.051296875 0.0780327868852459
1 0.44828906249999995 0.6528103044496487 0.41079687500000006 0.23597189695550352
2 0.7840234374999999 0.6212529274004683 0.19432812500000002 0.464519906323185
2 0.9493671875 0.35536299765807966 0.101265625 0.3483372365339579
2 0.940796875 0.5220023419203748 0.11840625 0.7807259953161593
0 0.8280234375 0.48418032786885246 0.05354687500000001 0.14470725995316158
2 0.8156484374999999 0.5569086651053864 0.090515625 0.21672131147540985