0 0.0414140625 0.4803027139874739 0.08054687499999999 0.21947807933194152
0 0.11697656249999999 0.38373695198329855 0.095515625 0.14505219206680586
1 0.378625 0.5900000000000001 0.658625 0.7882254697286013
0 0.2505546875 0.46152400835073065 0.053734375 0.09979123173277661
0 0.11997656250000002 0.644686847599165 0.093640625 0.17643006263048017
2 0.3843359375 0.44821503131524004 0.240015625 0.28340292275574114
2 0.478078125 0.221419624217119 0.12278125 0.20897703549060542
2 0.7569843749999999 0.666670146137787 0.23581249999999998 0.6666597077244258
2 0.1916484375 0.6023590814196242 0.20014062500000002 0.3505219206680585
2 0.087265625 0.75 0.17453125 0.5
2 0.7609453125 0.3111169102296451 0.075765625 0.11668058455114823
2 0.7121796875 0.2626304801670146 0.11164062500000001 0.2509394572025052
2 0.35622656249999995 0.2792275574112735 0.130015625 0.221419624217119
2 0.0522265625 0.14115866388308979 0.103734375 0.22252609603340293
2 0.23926562499999998 0.24148225469728601 0.14415625 0.2646346555323591
2 0.8666484375 0.7910125260960333 0.266703125 0.3955114822546973
0 0.0655859375 0.2720563674321503 0.048484375 0.060981210855949895
0 0.95546875 0.5668058455114823 0.0890625 0.1127348643006263
1 0.096953125 0.346482254697286 0.19390625 0.17275574112734865
0 0.911734375 0.505187891440501 0.09718750000000001 0.17922755741127347
0 0.5012187499999999 0.48895615866388303 0.9974999999999999 0.4905636743215031
0 0.35771875 0.3574321503131524 0.043937500000000004 0.06350730688935283
2 0.7512890624999999 0.04204592901878915 0.071546875 0.0840918580375783
2 0.8644999999999999 0.2896137787056367 0.271 0.5792275574112734
0 0.4263671875 0.2865240083507307 0.026640625 0.09100208768267225