0 0.1714765625 0.7395327102803738 0.22889062500000001 0.3189252336448598
0 0.5678828125 0.5764836448598131 0.033765625 0.14516355140186918
0 0.7136171875 0.7353855140186916 0.175515625 0.28745327102803736
0 0.7904921875 0.6002453271028038 0.174203125 0.2529672897196262
0 0.0298046875 0.6374883177570094 0.050359375 0.18348130841121496
2 0.4921015625000001 0.34258177570093457 0.069046875 0.05936915887850467
2 0.11572656249999999 0.4441822429906542 0.06314062499999999 0.11757009345794392
2 0.3124296875 0.38387850467289725 0.068921875 0.06761682242990655
2 0.6222265625 0.6198948598130841 0.281890625 0.5650233644859813
2 0.47455468749999996 0.4975 0.168203125 0.30392523364485985
2 0.7740234375 0.5183995327102804 0.130609375 0.33483644859813083
2 0.9748749999999999 0.40045560747663544 0.050093750000000006 0.1458177570093458
2 0.908765625 0.35971962616822434 0.072375 0.13261682242990655
2 0.243359375 0.35110981308411215 0.0866875 0.19441588785046726
0 0.98203125 0.6682242990654206 0.0359375 0.21962616822429906
0 0.1082421875 0.49454439252336446 0.063609375 0.0558177570093458
0 0.1111796875 0.550642523364486 0.049265625 0.08301401869158878
1 0.47864062500000004 0.7887616822429906 0.3711875 0.3235981308411215
2 0.0618046875 0.44892523364485976 0.049203125 0.12327102803738317
2 0.684171875 0.301588785046729 0.0265625 0.12495327102803738
0 0.1511953125 0.864766355140187 0.302390625 0.2704672897196262
0 0.0238359375 0.5064018691588784 0.039421875 0.06107476635514019
0 0.8444765624999999 0.4181191588785047 0.071265625 0.037920560747663555
1 0.33621093750000003 0.5628855140186917 0.145796875 0.20787383177570093
1 0.286796875 0.5340070093457944 0.0974375 0.09511682242990654
1 0.527515625 0.4051518691588785 0.01146875 0.015116822429906541
2 0.21916406249999998 0.6229322429906542 0.20964062499999997 0.5207242990654206
2 0.391859375 0.41889018691588786 0.13271875 0.16119158878504672
0 0.8671875 0.8761682242990654 0.265625 0.24766355140186916
0 0.5814921875000001 0.46677570093457943 0.046421875 0.08976635514018692
1 0.6375703125000001 0.9109228971962616 0.5093593750000001 0.15801401869158876
1 0.9171875 0.5198598130841121 0.165625 0.09579439252336448
2 0.5265625 0.3422897196261682 0.753125 0.23130841121495327