2 0.058046875 0.43605985037406486 0.11609375 0.3273316708229426
2 0.5355390625 0.615997506234414 0.272359375 0.5045137157107232
2 0.9212265624999999 0.27699501246882796 0.09929687499999999 0.15453865336658354
2 0.8053359375 0.1876932668329177 0.082265625 0.17269326683291772
2 0.7314453125 0.2149127182044888 0.080828125 0.22753117206982543
2 0.5075078125 0.2866334164588529 0.061984375 0.16443890274314213
2 0.44706250000000003 0.4101246882793017 0.14065624999999998 0.40673316708229423
2 0.3374921875 0.36917705735660855 0.115078125 0.2587531172069826
2 0.8494140625 0.6219451371571072 0.278984375 0.509925187032419
2 0.51365625 0.22524937655860347 0.115625 0.2722942643391521
2 0.8646484375 0.17528678304239403 0.049265625 0.19650872817955112
0 0.6337578125 0.460286783042394 0.073109375 0.18241895261845387
0 0.702921875 0.3587281795511222 0.042249999999999996 0.12957605985037407
0 0.33510156249999995 0.5123566084788029 0.11264062500000001 0.2696508728179551
0 0.45374218749999995 0.4796134663341646 0.10389062499999999 0.24556109725685785
0 0.601203125 0.3488279301745636 0.072375 0.11680798004987532
0 0.20885156249999998 0.2642019950124688 0.030828125 0.035785536159601
1 0.83259375 0.5273566084788031 0.3348125 0.3465336658354115
1 0.52534375 0.837082294264339 0.9493124999999999 0.32583541147132167
1 0.7399140625 0.36120947630922695 0.040046874999999996 0.09897755610972568
1 0.3235234375 0.4246633416458853 0.249171875 0.3265835411471322
1 0.559265625 0.33639650872817956 0.03340625 0.0616209476309227
1 0.657828125 0.2621820448877806 0.0435 0.06685785536159601
0 0.0302421875 0.7656109725685786 0.059953124999999996 0.46877805486284285
1 0.24060937499999996 0.306645885286783 0.073375 0.07758104738154613
2 0.16110937499999997 0.6675311720698255 0.31246874999999996 0.6649376558603491
0 0.6736093750000001 0.3709850374064838 0.0391875 0.12251870324189527
2 0.8081796875 0.295 0.10298437499999999 0.16436408977556108
0 0.3671875 0.29406483790523696 0.02615625 0.040897755610972565
0 0.67615625 0.3093640897755611 0.051000000000000004 0.15249376558603492
0 0.988859375 0.7939152119700749 0.02225 0.18199501246882793
2 0.5 0.2718204488778055 0.996875 0.3541147132169576