0 0.759765625 0.7101570048309178 0.12050000000000001 0.22485507246376812
0 0.285640625 0.8415700483091787 0.1584375 0.28990338164251206
0 0.357484375 0.6541908212560386 0.09809375000000001 0.0677536231884058
0 0.6444609375000001 0.5976811594202899 0.099515625 0.09835748792270531
0 0.5075859375 0.7472342995169082 0.139046875 0.29992753623188406
1 0.61190625 0.7257608695652175 0.097 0.1713768115942029
2 0.20542968749999996 0.3795048309178744 0.148609375 0.19818840579710145
2 0.3594921875 0.6028985507246377 0.138109375 0.2876328502415459
2 0.3997265625 0.5189734299516907 0.10695312500000001 0.4248550724637681
2 0.5132343749999999 0.6166545893719807 0.10943750000000001 0.3424396135265701
2 0.6441640625 0.5854106280193238 0.081296875 0.35285024154589373
2 0.8460234374999999 0.5427053140096618 0.104671875 0.46067632850241547
2 0.7289765625 0.6268840579710144 0.194546875 0.3844927536231884
2 0.4721484375 0.49521739130434783 0.048421874999999996 0.18521739130434783
1 0.4611015625 0.8401690821256038 0.146328125 0.23135265700483093
2 0.3144296875 0.723828502415459 0.237796875 0.5220048309178744