1 0.8418515625000002 0.8696666666666667 0.30842187499999996 0.23820833333333333
2 0.42905468750000003 0.5506770833333333 0.851359375 0.8896458333333332
2 0.9468515625 0.5277916666666668 0.106296875 0.2845416666666667
2 0.8285078125 0.37428124999999995 0.026078125 0.09277083333333333
2 0.8306171875 0.44171875 0.11567187500000001 0.2200625
2 0.857484375 0.39547916666666666 0.040281250000000005 0.058916666666666666
0 0.47190624999999997 0.9412916666666666 0.1975 0.11741666666666667
2 0.93359375 0.4087708333333333 0.08075 0.14391666666666666
2 0.9071562499999999 0.40313541666666663 0.02121875 0.06493750000000001
2 0.9225078124999999 0.34353124999999995 0.034171875000000004 0.059812500000000005
0 0.8824453125 0.4271666666666667 0.039203125 0.028583333333333336
0 0.8302421875 0.637875 0.151828125 0.31333333333333335
0 0.9385781249999999 0.6102708333333333 0.10165625 0.13808333333333334
0 0.895046875 0.5218229166666667 0.03621875 0.060145833333333336
0 0.9553359375000001 0.6943645833333333 0.079578125 0.13685416666666667
0 0.9525937499999999 0.9109270833333334 0.054031249999999996 0.17764583333333334
0 0.8125625 0.4967916666666667 0.03540625 0.03904166666666666
0 0.8221796874999999 0.45990625 0.008296874999999999 0.026229166666666668
1 0.861328125 0.4813958333333333 0.072 0.06745833333333334