2 0.2684037558685446 0.6022421875000001 0.36798122065727695 0.584265625
2 0.2555868544600939 0.30112500000000003 0.1800469483568075 0.13468750000000002
2 0.541349765258216 0.6488124999999999 0.20284037558685444 0.1905
2 0.5255985915492958 0.36839062499999997 0.1677230046948357 0.25490625
2 0.8648474178403754 0.49866406249999995 0.2662676056338028 0.40279687500000005
2 0.712206572769953 0.706609375 0.26061032863849765 0.21053125
2 0.06806338028169015 0.4775703125 0.1361267605633803 0.313765625
2 0.5261854460093897 0.5807734375 0.2434037558685446 0.297015625
2 0.2138732394366197 0.3281015625 0.16408450704225352 0.310078125
2 0.48782863849765257 0.191078125 0.02284037558685446 0.03778125
2 0.05843896713615023 0.8516640625 0.11302816901408451 0.29667187500000003
0 0.937793427230047 0.83671875 0.12441314553990611 0.1875
1 0.5553990610328638 0.867984375 0.8892018779342723 0.26403125
2 0.8330281690140845 0.7664453124999999 0.33394366197183095 0.11682812499999999
0 0.09741784037558686 0.4882734375 0.06258215962441314 0.21351562500000001