2 0.6906354166666666 0.6101093750000001 0.4464375 0.45618749999999997
2 0.9108020833333333 0.557828125 0.12114583333333333 0.25771875
2 0.5563958333333333 0.459140625 0.058208333333333334 0.062281249999999996
1 0.59009375 0.9231953124999999 0.8198124999999999 0.133328125
2 0.3116041666666666 0.613484375 0.60525 0.5438125
2 0.044947916666666664 0.535953125 0.08989583333333333 0.105625
2 0.5157604166666666 0.44659375 0.08572916666666666 0.12687500000000002
0 0.9662291666666666 0.5903359375 0.06754166666666667 0.159421875
0 0.07692708333333333 0.5558671874999999 0.042020833333333334 0.058453124999999995
2 0.04376041666666666 0.49497656250000005 0.08589583333333332 0.086265625
1 0.8438333333333333 0.5467500000000001 0.058 0.0435