0 0.46763281249999994 0.6317334905660378 0.067984375 0.1152122641509434
0 0.5384140625 0.5867216981132075 0.040890625 0.09858490566037735
0 0.6165 0.6197995283018868 0.0695625 0.15087264150943397
0 0.571671875 0.6038915094339622 0.03721875 0.12556603773584907
1 0.3028984375 0.8614976415094339 0.605796875 0.2545047169811321
2 0.75459375 0.5482075471698113 0.48721875 0.8811792452830188
2 0.22257031249999998 0.5224764150943396 0.40942187499999994 0.4516981132075472
2 0.749578125 0.5313443396226415 0.039531250000000004 0.08900943396226416
1 0.6944140625 0.6581132075471697 0.12992187500000002 0.18014150943396226
1 0.5805390625 0.5582311320754717 0.048109374999999996 0.012452830188679246
1 0.6115781250000001 0.539622641509434 0.04559375 0.020896226415094338
2 0.5909453124999999 0.529504716981132 0.022859375 0.047924528301886794
0 0.7404843750000001 0.5943985849056604 0.0308125 0.1197877358490566
0 0.7089453125 0.5917688679245283 0.028234375 0.09679245283018868
0 0.6630312500000001 0.5449646226415095 0.028249999999999997 0.023183962264150943
0 0.18059375 0.7110377358490565 0.0316875 0.05966981132075472
0 0.65684375 0.6427948113207548 0.07840625 0.18837264150943397
0 0.5177031249999999 0.5827004716981131 0.025750000000000002 0.08610849056603773