2 0.3650390625 0.9303125 0.041765625 0.139375
2 0.32465625 0.9186041666666667 0.0625 0.16279166666666667
2 0.6745390625 0.91209375 0.104515625 0.1743125
2 0.9760703124999999 0.8850520833333333 0.047859374999999996 0.22810416666666666
2 0.12629687499999998 0.91134375 0.14084375 0.17360416666666667
2 0.40815625000000005 0.92015625 0.0575625 0.1596875
2 0.9375703124999999 0.9056354166666668 0.047734375 0.1855625
2 0.4583046875 0.9182916666666667 0.035171875000000005 0.13899999999999998
2 0.8012109374999999 0.8597083333333334 0.020671875 0.016375
2 0.9 0.8982916666666667 0.04975 0.05883333333333333
2 0.2892421875 0.9208854166666668 0.021671875 0.10435416666666668
2 0.2541640625 0.9191666666666667 0.012234375 0.050708333333333334
2 0.7864296875000001 0.8494062499999999 0.021953125 0.03735416666666667
0 0.6161796875000001 0.9456666666666667 0.012265624999999999 0.08120833333333333
1 0.7298828124999999 0.9180520833333332 0.035765625 0.024520833333333332
1 0.6267421875 0.9201041666666667 0.050390625 0.036166666666666666
2 0.38828125 0.9114583333333334 0.4140625 0.11875