2 0.2272578125 0.4983541666666667 0.040921875 0.106625
2 0.1033125 0.47371874999999997 0.053468749999999995 0.07702083333333333
2 0.205375 0.44152083333333336 0.035125 0.076625
2 0.17763281250000001 0.47328125000000004 0.053359375 0.06727083333333334
2 0.5700468750000001 0.43121875 0.03740625 0.06502083333333333
2 0.25592187499999997 0.4010208333333333 0.02228125 0.07154166666666667
2 0.3605390625 0.445625 0.021765625 0.03283333333333333
2 0.384515625 0.43072916666666666 0.0196875 0.03229166666666667
2 0.5625390624999999 0.4116354166666667 0.026796874999999998 0.050270833333333334
2 0.0655390625 0.42121875000000003 0.045078125000000004 0.16064583333333332
2 0.48171093750000005 0.4044583333333333 0.022390625 0.06633333333333333
2 0.6037890625 0.42030208333333335 0.021015625 0.06114583333333334
2 0.4330234375 0.41285416666666663 0.025796875000000004 0.033375
1 0.3652734375000001 0.41783333333333333 0.019546875 0.020666666666666667
0 0.029734375 0.42372916666666666 0.014499999999999999 0.020833333333333332
0 0.13534375 0.4587291666666667 0.028000000000000004 0.06858333333333334
1 0.14757812499999998 0.45877083333333335 0.04675 0.0685
1 0.0286328125 0.4373333333333333 0.056359375 0.009000000000000001
1 0.14959375 0.5162604166666667 0.11353125 0.021479166666666667
2 0.25078125 0.4635416666666667 0.0421875 0.05625