0 0.7489609375 0.8389166666666666 0.293015625 0.29733333333333334
0 0.060468749999999995 0.6844583333333334 0.12090624999999999 0.24245833333333333
0 0.40896875 0.4131666666666666 0.0324375 0.10733333333333334
2 0.1736015625 0.5561875 0.188765625 0.37079166666666663
2 0.6873906250000001 0.5476770833333333 0.17153125 0.42152083333333334
2 0.7643828125 0.6881354166666667 0.470734375 0.6237291666666667
2 0.328859375 0.4913333333333333 0.16221875 0.24733333333333332
0 0.432015625 0.44278125 0.02346875 0.09389583333333333
0 0.9773203125000001 0.46703125 0.045359375 0.1371875
0 0.282203125 0.44516666666666665 0.04025 0.093
1 0.32432812499999997 0.72521875 0.6486562499999999 0.5202708333333333
2 0.511828125 0.42116666666666663 0.1891875 0.21170833333333333
0 0.9519375 0.4477083333333333 0.060406249999999995 0.122125
0 0.5781484375000001 0.43161458333333336 0.044765624999999996 0.035229166666666666
0 0.07931250000000001 0.40610416666666665 0.06203125 0.10445833333333333
0 0.703125 0.95 0.0734375 0.1
0 0.28155468749999996 0.3758020833333333 0.031546875 0.042854166666666665
0 0.098578125 0.4520104166666667 0.042625 0.1356875
0 0.32264062499999996 0.41787499999999994 0.04484375 0.06633333333333333