0 0.5715312499999999 0.39336065573770485 0.1368125 0.25538641686182667
0 0.46940625 0.4084660421545667 0.06937499999999999 0.1466744730679157
0 0.13359375 0.8747072599531616 0.259375 0.2505854800936768
0 0.9089218749999999 0.8279508196721312 0.18215625 0.30967213114754094
0 0.23921874999999998 0.5476463700234192 0.0693125 0.2630679156908665
1 0.8893203125 0.52 0.22135937499999997 0.3246838407494145
1 0.530609375 0.6176463700234193 0.32025000000000003 0.2658782201405152
2 0.2466328125 0.5853864168618267 0.379328125 0.7887587822014052
2 0.40376562499999996 0.4027634660421546 0.07196875 0.18875878220140513
2 0.6953125 0.5939110070257612 0.35 0.7892271662763466
2 0.38925 0.6814168618266979 0.2669375 0.6371662763466042
0 0.2275234375 0.4156674473067915 0.058078125 0.16515222482435596
0 0.6543593750000001 0.45496487119437934 0.03184375 0.10515222482435597
0 0.9852187499999999 0.6422131147540984 0.02790625 0.07688524590163934
1 0.0311953125 0.46882903981264634 0.058921875 0.08571428571428572
1 0.38578906250000006 0.3504449648711944 0.24920312500000003 0.07943793911007026