0 0.4699375 0.6101643192488263 0.09140625 0.2575117370892019
0 0.59603125 0.6162676056338028 0.1003125 0.2752112676056338
0 0.8395781249999998 0.7748356807511738 0.31915625 0.42765258215962443
0 0.32781249999999995 0.586056338028169 0.11568750000000001 0.20384976525821596
1 0.46373437500000003 0.5575117370892019 0.19496875 0.03483568075117371
2 0.6903671874999999 0.4612206572769953 0.039671875 0.08830985915492957
2 0.6919296875 0.5136737089201878 0.085734375 0.14072769953051645
0 0.7032734375 0.5760446009389671 0.102703125 0.2238262910798122
0 0.35375781250000005 0.8247183098591548 0.294671875 0.3236150234741784
2 0.589609375 0.4191784037558685 0.10518749999999999 0.14046948356807512
1 0.48071093749999994 0.5250234741784038 0.385671875 0.082018779342723