0 0.831390625 0.868107476635514 0.1721875 0.26378504672897196
1 0.4805 0.815981308411215 0.5493125 0.34009345794392526
1 0.0834375 0.4255490654205608 0.11387499999999999 0.20221962616822428
2 0.7740859375 0.6600467289719626 0.21614062500000003 0.4136448598130841
2 0.1649296875 0.6801752336448599 0.329859375 0.6193691588785046
2 0.30816406250000006 0.4171728971962617 0.128671875 0.3574766355140187
2 0.6363359375 0.4143224299065421 0.125828125 0.32205607476635517
2 0.0452109375 0.28598130841121494 0.089296875 0.1517289719626168
2 0.53309375 0.2991004672897196 0.0975 0.3321261682242991
0 0.096609375 0.874427570093458 0.19321875 0.2511448598130841
0 0.25699218749999997 0.532908878504673 0.176953125 0.30212616822429905
0 0.49613281249999996 0.4078855140186916 0.089703125 0.11432242990654205
0 0.7681171874999999 0.474053738317757 0.044984375 0.08021028037383177
0 0.5890234375000001 0.4270327102803739 0.051640624999999996 0.12714953271028037
1 0.1255234375 0.2987733644859813 0.061671875 0.05563084112149532
2 0.6675390625000001 0.522873831775701 0.20617187499999998 0.39621495327102807
2 0.150875 0.3213551401869159 0.1308125 0.2072897196261682
0 0.0693828125 0.2707126168224299 0.022578124999999998 0.051985981308411214
0 0.29128125000000005 0.5120677570093458 0.123 0.17516355140186915
0 0.4333828125 0.5883060747663552 0.147640625 0.21039719626168224
1 0.4826171875 0.45878504672897197 0.201578125 0.1425233644859813
1 0.811109375 0.39991822429906543 0.15709375 0.20535046728971962