0 0.46967968749999994 0.667744140625 0.141078125 0.24732421875
0 0.30375 0.677744140625 0.18496875 0.29486328125
0 0.37096874999999996 0.496201171875 0.09621874999999999 0.07708984375
0 0.5359140625000001 0.503564453125 0.090234375 0.01865234375
2 0.67440625 0.55806640625 0.1858125 0.6430078125
2 0.6252734375000001 0.32608398437499997 0.092890625 0.21501953125
2 0.54734375 0.280751953125 0.04240625 0.10994140625
2 0.5696015625 0.24629882812499998 0.017078125 0.03244140625
2 0.5632109375 0.37962890624999995 0.070171875 0.234296875
2 0.53353125 0.25650390625 0.018625 0.055625
0 0.33340625 0.591416015625 0.1469375 0.17529296875
1 0.39829687500000005 0.54837890625 0.19718750000000002 0.0234765625
1 0.4412109375 0.51150390625 0.11876562500000001 0.053125