0 0.9108281250000001 0.5406535947712419 0.12493749999999999 0.31302832244008716
0 0.5918671875 0.49217864923747273 0.161859375 0.23416122004357298
0 0.0716171875 0.37363834422657954 0.061703125000000004 0.13564270152505445
0 0.308734375 0.37720043572984746 0.0555625 0.03588235294117647
1 0.5008046875 0.8339651416122004 0.9983906250000001 0.3094117647058824
2 0.5612421875000001 0.18067538126361654 0.055421874999999995 0.10270152505446624
2 0.7051328125 0.6199564270152506 0.455078125 0.7287145969498912
2 0.8960859375 0.34381263616557733 0.190171875 0.3955119825708061
2 0.586171875 0.3479956427015251 0.17706249999999998 0.40461873638344226
2 0.794125 0.21989106753812637 0.174125 0.2286710239651416
2 0.48385156249999994 0.20699346405228755 0.11760937499999999 0.2236165577342048
2 0.11658593750000001 0.2544880174291939 0.123828125 0.2847494553376906
2 0.1847421875 0.13468409586056643 0.074546875 0.1057516339869281
2 0.23766406250000002 0.4913943355119826 0.391828125 0.6606535947712419
2 0.2598125 0.16181917211328978 0.08546875000000001 0.17827886710239652
2 0.031796875 0.3106318082788671 0.06359375 0.3694553376906318
2 0.3790078125 0.4529738562091503 0.197046875 0.6559259259259259
1 0.4793984375 0.46178649237472763 0.100640625 0.27594771241830063
2 0.051664062499999996 0.2177995642701525 0.072078125 0.24875816993464053
2 0.49921875 0.5479302832244008 0.9984375 0.8997821350762527