0 0.41772656249999995 0.34436768149882907 0.076734375 0.17814988290398126
0 0.6218046875 0.29967213114754093 0.072671875 0.09480093676814988
0 0.9311640625 0.8760889929742388 0.137671875 0.21606557377049182
2 0.21964062499999998 0.31572599531615925 0.26237499999999997 0.36629976580796253
2 0.7719921875 0.2565456674473068 0.154953125 0.25482435597189695
2 0.531171875 0.277096018735363 0.18459375 0.31447306791569085
0 0.6972109375000001 0.27477751756440283 0.026921875 0.06463700234192038
1 0.7159140624999999 0.734824355971897 0.433296875 0.5078688524590165
2 0.624484375 0.1476463700234192 0.10396875000000001 0.21665105386416864
2 0.9084921875 0.19448477751756438 0.096078125 0.16658079625292738
0 0.12891406249999998 0.2348360655737705 0.069015625 0.08362997658079625
0 0.23581250000000004 0.455632318501171 0.3175625 0.11079625292740047
0 0.4274609375000001 0.3915222482435597 0.040171875 0.0946135831381733