0 0.41915625 0.802861111111111 0.12459374999999999 0.37205555555555553
0 0.552078125 0.8128194444444444 0.20196874999999997 0.3515833333333333
1 0.5066484375 0.6660833333333334 0.260640625 0.3546111111111111
2 0.138015625 0.5528611111111111 0.059625 0.09944444444444443
2 0.38415625 0.5124166666666666 0.04365625 0.20088888888888887
0 0.68959375 0.7709166666666666 0.08053125 0.43177777777777776
2 0.1302265625 0.5804027777777777 0.063890625 0.09613888888888888
2 0.711171875 0.15225 0.028499999999999998 0.060888888888888895
2 0.1586796875 0.40177777777777773 0.087671875 0.32405555555555554
2 0.588140625 0.4421944444444445 0.07078124999999999 0.2385
0 0.320984375 0.49286111111111114 0.11399999999999999 0.1361111111111111
0 0.084015625 0.8519444444444444 0.16509374999999998 0.2701111111111111
0 0.4996953125 0.49552777777777773 0.074265625 0.08577777777777777
0 0.3186171875 0.6629027777777778 0.09476562499999999 0.20869444444444443
2 0.24837499999999996 0.6155833333333334 0.201625 0.7376666666666667