0 0.9296875 0.8552083333333333 0.140625 0.24791666666666667
0 0.7377109374999999 0.7272604166666667 0.069546875 0.13247916666666668
1 0.5258437499999999 0.8741562500000001 0.77190625 0.22022916666666664
2 0.8315546875000001 0.5458958333333334 0.232140625 0.595125
2 0.641875 0.6583229166666666 0.19509375 0.3267291666666667
2 0.2241640625 0.63146875 0.212359375 0.6471874999999999
2 0.5852265625000002 0.5325729166666666 0.162890625 0.43181250000000004
2 0.3573046875 0.6086145833333333 0.178640625 0.5528125
2 0.4173671875 0.41059375000000004 0.085796875 0.22072916666666667
2 0.08092968750000001 0.6621458333333333 0.157890625 0.6757083333333332
2 0.024640625 0.5746979166666667 0.04928125 0.13522916666666665
2 0.25217968749999997 0.40221875 0.069359375 0.25935416666666666
2 0.48740625 0.53328125 0.14096875 0.49322916666666666
0 0.7262265625 0.6072604166666667 0.062765625 0.1266875
0 0.96521875 0.553875 0.03653125 0.059416666666666666
0 0.6855156250000001 0.5608854166666667 0.0464375 0.08727083333333334