0 0.5425675675675675 0.39050999999999997 0.06747747747747747 0.08942
1 0.9496546546546547 0.30426000000000003 0.1006906906906907 0.037200000000000004
2 0.7321921921921922 0.47570999999999997 0.33741741741741743 0.76854
2 0.5881381381381381 0.24506 0.16084084084084085 0.1794
2 0.2802102102102102 0.47156 0.4845045045045045 0.81904
2 0.957117117117117 0.23835 0.08456456456456457 0.13418
0 0.9486036036036036 0.41358000000000006 0.10279279279279278 0.19672
2 0.4728228228228228 0.28724 0.12510510510510509 0.23416
0 0.5775975975975975 0.32626000000000005 0.13615615615615617 0.0442
0 0.8677477477477477 0.40749 0.06384384384384385 0.06266
0 0.5334984984984985 0.44850999999999996 0.2142042042042042 0.24746