1 0.49213281250000007 0.7186470588235294 0.080828125 0.05710588235294117
0 0.040046875 0.7698470588235294 0.07771875 0.20835294117647057
0 0.2604375 0.7378705882352942 0.12665625 0.18289411764705885
0 0.44709374999999996 0.7233529411764706 0.11171875 0.21225882352941175
0 0.7541171875 0.7216352941176472 0.108296875 0.1672235294117647
0 0.9605 0.7212588235294118 0.078 0.14261176470588235
2 0.07385937499999999 0.6407529411764705 0.0605 0.0804235294117647
0 0.389125 0.7448 0.18496875 0.19345882352941177
0 0.8813437499999999 0.6815176470588235 0.030875000000000003 0.027364705882352944
0 0.6087734375 0.7310941176470589 0.063734375 0.14783529411764706
0 0.707109375 0.7396941176470588 0.15934375 0.1600470588235294
0 0.8488984375000002 0.7013999999999999 0.041984375000000004 0.07032941176470589
0 0.5744921875 0.757764705882353 0.06754687499999999 0.14461176470588236
0 0.148609375 0.7367058823529412 0.053468749999999995 0.07496470588235293
0 0.55546875 0.7764705882352941 0.7953125 0.2023529411764706