0 0.456771 0.230556 0.182292 0.264815
0 0.520833 0.619444 0.177083 0.468519
0 0.871354 0.730556 0.257292 0.350000
0 0.920833 0.568519 0.158333 0.259259
0 0.943229 0.362037 0.113542 0.250000
1 0.936458 0.177778 0.127083 0.259259
1 0.882292 0.403704 0.181250 0.296296
1 0.879167 0.662963 0.154167 0.337037
1 0.325521 0.866667 0.221875 0.266667
1 0.517708 0.823148 0.177083 0.342593
1 0.398438 0.255556 0.132292 0.303704
1 0.628646 0.125926 0.142708 0.248148
2 0.745313 0.321296 0.186458 0.394444
2 0.500521 0.487037 0.178125 0.340741
