0 0.455208 0.237963 0.139583 0.309259
0 0.531771 0.638889 0.167708 0.496296
0 0.783333 0.426852 0.237500 0.831481
0 0.935937 0.684259 0.128125 0.464815
0 0.948958 0.348148 0.102083 0.225926
2 0.505208 0.498148 0.191667 0.333333
2 0.744792 0.270370 0.143750 0.270370
1 0.332292 0.873148 0.218750 0.253704
1 0.536979 0.833333 0.190625 0.333333
1 0.418750 0.275926 0.122917 0.307407
1 0.639583 0.123148 0.141667 0.242593
1 0.946354 0.169444 0.107292 0.231481
1 0.916146 0.384259 0.126042 0.253704
1 0.870313 0.694444 0.203125 0.377778
